0 0.172093 0.651852 0.223256 0.474074
1 0.638372 0.288889 0.262791 0.081481
2 0.575581 0.383333 0.118605 0.092593
2 0.682558 0.381481 0.104651 0.088889
2 0.795349 0.381481 0.116279 0.096296
3 0.706977 0.572222 0.200000 0.077778
4 0.676744 0.657407 0.097674 0.077778
4 0.790698 0.659259 0.120930 0.081481
4 0.668605 0.746296 0.100000 0.077778
4 0.780233 0.748148 0.123256 0.081481
4 0.739535 0.833333 0.083721 0.074074
4 0.818605 0.827778 0.079070 0.077778
4 0.877907 0.835185 0.044186 0.077778
4 0.356977 0.918519 0.123256 0.081481
4 0.468605 0.918519 0.100000 0.074074
4 0.574419 0.914815 0.097674 0.081481
4 0.687209 0.918519 0.132558 0.074074
4 0.802326 0.912963 0.106977 0.077778
4 0.915116 0.912963 0.127907 0.077778
