0 0.161628 0.635185 0.234884 0.470370
1 0.669767 0.305556 0.260465 0.085185
2 0.584884 0.401852 0.072093 0.085185
1 0.675581 0.398148 0.109302 0.092593
1 0.806977 0.400000 0.148837 0.088889
3 0.736047 0.579630 0.202326 0.085185
4 0.726744 0.672222 0.086047 0.077778
4 0.809302 0.664815 0.079070 0.077778
4 0.508140 0.753704 0.090698 0.077778
4 0.596512 0.757407 0.086047 0.077778
4 0.694186 0.751852 0.095349 0.081481
4 0.794186 0.755556 0.100000 0.081481
4 0.782558 0.837037 0.090698 0.081481
4 0.865116 0.835185 0.079070 0.077778
4 0.500000 0.922222 0.083721 0.081481
4 0.590698 0.922222 0.093023 0.088889
4 0.686047 0.918519 0.097674 0.081481
4 0.789535 0.918519 0.104651 0.074074
