0 0.163953 0.662963 0.230233 0.474074
1 0.638372 0.301852 0.258140 0.092593
2 0.540698 0.396296 0.109302 0.088889
2 0.686047 0.396296 0.176744 0.088889
2 0.832558 0.400000 0.111628 0.088889
3 0.706977 0.579630 0.200000 0.070370
4 0.675581 0.668519 0.127907 0.077778
4 0.800000 0.662963 0.111628 0.081481
4 0.503488 0.746296 0.095349 0.085185
4 0.593023 0.751852 0.079070 0.081481
4 0.665116 0.751852 0.060465 0.074074
4 0.738372 0.755556 0.095349 0.074074
4 0.730233 0.837037 0.130233 0.081481
4 0.852326 0.837037 0.118605 0.081481
4 0.496512 0.916667 0.104651 0.085185
4 0.591860 0.924074 0.081395 0.077778
4 0.660465 0.924074 0.060465 0.070370
4 0.738372 0.922222 0.095349 0.074074
