0 0.180233 0.653704 0.225581 0.470370
1 0.701163 0.292593 0.351163 0.088889
2 0.556977 0.392593 0.179070 0.096296
2 0.710465 0.400000 0.100000 0.088889
2 0.833721 0.405556 0.127907 0.085185
3 0.696512 0.574074 0.290698 0.096296
4 0.427907 0.751852 0.102326 0.081481
4 0.558140 0.759259 0.134884 0.103704
4 0.695349 0.759259 0.125581 0.088889
4 0.823256 0.750000 0.093023 0.085185
4 0.660465 0.838889 0.060465 0.077778
4 0.763953 0.844444 0.137209 0.088889
4 0.848837 0.846296 0.037209 0.048148
4 0.876744 0.838889 0.037209 0.085185
4 0.903488 0.848148 0.030233 0.044444
4 0.943023 0.840741 0.062791 0.066667
4 0.227907 0.911111 0.037209 0.081481
4 0.258140 0.922222 0.032558 0.044444
4 0.340698 0.918519 0.137209 0.081481
4 0.455814 0.918519 0.097674 0.074074
4 0.606977 0.920370 0.162791 0.085185
4 0.789535 0.918519 0.151163 0.081481
4 0.931395 0.920370 0.100000 0.085185
