0 0.166279 0.637037 0.220930 0.503704
1 0.681395 0.285185 0.344186 0.103704
2 0.566279 0.379630 0.137209 0.092593
2 0.675581 0.387037 0.086047 0.092593
2 0.798837 0.387037 0.155814 0.085185
3 0.705814 0.561111 0.202326 0.077778
4 0.679070 0.650000 0.093023 0.077778
4 0.783721 0.653704 0.102326 0.085185
4 0.462791 0.738889 0.093023 0.070370
4 0.565116 0.738889 0.111628 0.092593
4 0.670930 0.738889 0.100000 0.077778
4 0.772093 0.740741 0.106977 0.081481
4 0.732558 0.825926 0.097674 0.074074
4 0.834884 0.829630 0.102326 0.088889
4 0.609302 0.907407 0.093023 0.081481
4 0.711628 0.909259 0.116279 0.092593
4 0.819767 0.907407 0.100000 0.081481
4 0.920930 0.909259 0.106977 0.085185
