0 0.187209 0.661111 0.234884 0.470370
1 0.684884 0.307407 0.341860 0.111111
2 0.472093 0.411111 0.074419 0.103704
2 0.567442 0.420370 0.093023 0.100000
2 0.676744 0.412963 0.093023 0.085185
2 0.817442 0.407407 0.146512 0.103704
3 0.673256 0.581481 0.267442 0.081481
4 0.686047 0.668519 0.120930 0.085185
4 0.836047 0.672222 0.137209 0.077778
4 0.406977 0.764815 0.144186 0.085185
4 0.556977 0.762963 0.127907 0.081481
4 0.704651 0.757407 0.148837 0.092593
4 0.863953 0.751852 0.137209 0.081481
4 0.683721 0.838889 0.120930 0.077778
4 0.830233 0.840741 0.144186 0.081481
4 0.398837 0.937037 0.146512 0.088889
4 0.558140 0.935185 0.139535 0.085185
4 0.705814 0.931481 0.151163 0.100000
4 0.862791 0.924074 0.139535 0.085185
