0 0.166279 0.638889 0.244186 0.522222
1 0.656977 0.298148 0.267442 0.085185
2 0.543023 0.396296 0.076744 0.103704
2 0.652326 0.403704 0.137209 0.096296
2 0.801163 0.401852 0.160465 0.107407
3 0.725581 0.579630 0.227907 0.085185
4 0.627907 0.668519 0.060465 0.085185
4 0.713953 0.668519 0.116279 0.077778
4 0.841860 0.675926 0.148837 0.092593
4 0.429070 0.761111 0.062791 0.085185
4 0.518605 0.759259 0.120930 0.074074
4 0.626744 0.764815 0.095349 0.085185
4 0.734884 0.766667 0.130233 0.081481
4 0.845349 0.762963 0.095349 0.081481
4 0.786047 0.846296 0.079070 0.085185
4 0.844186 0.846296 0.046512 0.085185
4 0.217442 0.935185 0.072093 0.077778
4 0.311628 0.933333 0.111628 0.074074
4 0.436047 0.933333 0.137209 0.088889
4 0.533721 0.929630 0.058140 0.074074
4 0.626744 0.929630 0.123256 0.081481
4 0.732558 0.925926 0.093023 0.088889
4 0.844186 0.929630 0.125581 0.088889
4 0.952326 0.927778 0.086047 0.092593
