0 0.176744 0.666667 0.237209 0.474074
1 0.682558 0.296296 0.341860 0.096296
2 0.511628 0.398148 0.176744 0.092593
2 0.662791 0.400000 0.088372 0.103704
2 0.787209 0.400000 0.123256 0.088889
2 0.930233 0.405556 0.120930 0.092593
3 0.698837 0.564815 0.304651 0.092593
4 0.594186 0.650000 0.076744 0.092593
4 0.696512 0.648148 0.127907 0.081481
4 0.837209 0.657407 0.130233 0.092593
4 0.351163 0.742593 0.037209 0.077778
4 0.374419 0.753704 0.032558 0.040741
4 0.447674 0.738889 0.127907 0.077778
4 0.602326 0.740741 0.153488 0.074074
4 0.741860 0.738889 0.093023 0.085185
4 0.851163 0.744444 0.106977 0.081481
4 0.672093 0.822222 0.065116 0.081481
4 0.780233 0.825926 0.123256 0.074074
4 0.919767 0.835185 0.127907 0.092593
4 0.353488 0.914815 0.041860 0.074074
4 0.451163 0.911111 0.125581 0.088889
4 0.612791 0.914815 0.160465 0.081481
4 0.738372 0.905556 0.100000 0.085185
4 0.856977 0.909259 0.100000 0.085185
