0 0.179070 0.642593 0.227907 0.462963
1 0.624419 0.316667 0.272093 0.092593
2 0.546512 0.401852 0.139535 0.085185
2 0.667442 0.405556 0.111628 0.092593
2 0.793023 0.403704 0.153488 0.096296
3 0.696512 0.577778 0.206977 0.081481
4 0.684884 0.662963 0.104651 0.074074
4 0.775581 0.662963 0.076744 0.066667
4 0.665116 0.746296 0.106977 0.077778
4 0.777907 0.750000 0.123256 0.077778
4 0.718605 0.829630 0.120930 0.081481
4 0.818605 0.829630 0.074419 0.081481
4 0.872093 0.829630 0.037209 0.081481
4 0.323256 0.905556 0.060465 0.077778
4 0.413953 0.911111 0.130233 0.081481
4 0.518605 0.912963 0.074419 0.077778
4 0.605814 0.911111 0.095349 0.088889
4 0.690698 0.911111 0.079070 0.081481
4 0.782558 0.912963 0.095349 0.092593
4 0.893023 0.905556 0.125581 0.092593
