0 0.176744 0.661111 0.227907 0.462963
1 0.650000 0.296296 0.267442 0.096296
2 0.554651 0.388889 0.151163 0.088889
2 0.669767 0.400000 0.088372 0.088889
2 0.810465 0.403704 0.193023 0.088889
3 0.702326 0.579630 0.200000 0.085185
4 0.627907 0.662963 0.060465 0.081481
4 0.711628 0.668519 0.106977 0.085185
4 0.818605 0.670370 0.102326 0.081481
4 0.411628 0.750000 0.125581 0.092593
4 0.531395 0.744444 0.109302 0.081481
4 0.634884 0.751852 0.088372 0.081481
4 0.744186 0.755556 0.120930 0.081481
4 0.848837 0.757407 0.088372 0.085185
4 0.675581 0.840741 0.058140 0.081481
4 0.760465 0.844444 0.106977 0.088889
4 0.866279 0.848148 0.100000 0.081481
4 0.404651 0.914815 0.125581 0.088889
4 0.520930 0.914815 0.111628 0.081481
4 0.623256 0.918519 0.088372 0.081481
4 0.731395 0.922222 0.123256 0.088889
4 0.837209 0.929630 0.088372 0.081481
