0 0.165116 0.651852 0.232558 0.488889
1 0.647674 0.296296 0.281395 0.088889
2 0.558140 0.388889 0.204651 0.096296
2 0.717442 0.394444 0.113953 0.107407
2 0.853488 0.394444 0.158140 0.100000
3 0.719767 0.581481 0.206977 0.081481
4 0.753488 0.668519 0.102326 0.077778
4 0.844186 0.666667 0.079070 0.088889
4 0.426744 0.746296 0.086047 0.085185
4 0.511628 0.751852 0.079070 0.088889
4 0.603488 0.751852 0.104651 0.088889
4 0.709302 0.750000 0.111628 0.092593
4 0.777907 0.761111 0.020930 0.025926
4 0.832558 0.761111 0.097674 0.085185
4 0.726744 0.842593 0.072093 0.077778
4 0.837209 0.848148 0.144186 0.081481
4 0.472093 0.920370 0.102326 0.085185
4 0.573256 0.920370 0.100000 0.085185
4 0.668605 0.920370 0.095349 0.085185
4 0.783721 0.929630 0.134884 0.088889
