0 0.177907 0.650000 0.234884 0.477778
1 0.675581 0.305556 0.351163 0.100000
2 0.517442 0.407407 0.193023 0.096296
2 0.663953 0.416667 0.086047 0.092593
2 0.752326 0.411111 0.104651 0.088889
2 0.884884 0.412963 0.160465 0.092593
3 0.710465 0.590741 0.197674 0.085185
4 0.765116 0.687037 0.120930 0.085185
4 0.861628 0.685185 0.072093 0.081481
4 0.650000 0.766667 0.062791 0.074074
4 0.716279 0.772222 0.065116 0.077778
4 0.779070 0.770370 0.060465 0.074074
4 0.851163 0.770370 0.083721 0.081481
4 0.931395 0.774074 0.086047 0.081481
4 0.744186 0.851852 0.120930 0.081481
4 0.850000 0.855556 0.090698 0.081481
4 0.643023 0.931481 0.067442 0.070370
4 0.706977 0.935185 0.074419 0.077778
4 0.770930 0.933333 0.058140 0.074074
4 0.843023 0.937037 0.086047 0.074074
4 0.923256 0.933333 0.083721 0.081481
