0 0.170930 0.657407 0.244186 0.485185
1 0.638372 0.294444 0.272093 0.077778
2 0.552326 0.400000 0.113953 0.096296
2 0.667442 0.396296 0.111628 0.088889
2 0.805814 0.401852 0.165116 0.092593
3 0.710465 0.583333 0.113953 0.077778
4 0.701163 0.674074 0.095349 0.096296
4 0.786047 0.674074 0.083721 0.081481
4 0.493023 0.770370 0.130233 0.081481
4 0.604651 0.768519 0.083721 0.077778
4 0.682558 0.764815 0.076744 0.077778
4 0.770930 0.764815 0.104651 0.077778
4 0.755814 0.857407 0.083721 0.085185
4 0.837209 0.857407 0.079070 0.077778
4 0.380233 0.937037 0.090698 0.088889
4 0.466279 0.938889 0.086047 0.077778
4 0.576744 0.942593 0.130233 0.092593
4 0.687209 0.940741 0.086047 0.081481
4 0.763953 0.940741 0.072093 0.074074
4 0.854651 0.938889 0.100000 0.085185
