0 0.172093 0.657407 0.246512 0.485185
1 0.650000 0.270370 0.272093 0.088889
2 0.573256 0.370370 0.220930 0.088889
2 0.751163 0.374074 0.153488 0.088889
2 0.875581 0.366667 0.104651 0.088889
3 0.720930 0.561111 0.218605 0.085185
4 0.718605 0.651852 0.125581 0.088889
4 0.812791 0.646296 0.062791 0.085185
4 0.505814 0.744444 0.123256 0.081481
4 0.601163 0.746296 0.062791 0.077778
4 0.673256 0.742593 0.072093 0.077778
4 0.768605 0.744444 0.123256 0.088889
4 0.722093 0.825926 0.058140 0.074074
4 0.801163 0.829630 0.095349 0.088889
4 0.877907 0.825926 0.062791 0.074074
4 0.468605 0.916667 0.123256 0.077778
4 0.566279 0.914815 0.067442 0.074074
4 0.665116 0.914815 0.125581 0.081481
4 0.760465 0.912963 0.069767 0.070370
4 0.836047 0.912963 0.067442 0.077778
4 0.930233 0.914815 0.120930 0.096296
