0 0.182558 0.657407 0.230233 0.477778
1 0.663953 0.301852 0.276744 0.085185
2 0.575581 0.405556 0.132558 0.092593
2 0.696512 0.398148 0.113953 0.085185
2 0.823256 0.398148 0.139535 0.092593
3 0.729070 0.588889 0.206977 0.088889
4 0.426744 0.762963 0.100000 0.081481
4 0.522093 0.757407 0.090698 0.085185
4 0.627907 0.753704 0.106977 0.085185
4 0.727907 0.757407 0.093023 0.085185
4 0.806977 0.757407 0.065116 0.085185
4 0.879070 0.755556 0.079070 0.081481
4 0.760465 0.842593 0.088372 0.077778
4 0.851163 0.840741 0.102326 0.081481
4 0.425581 0.924074 0.102326 0.092593
4 0.520930 0.924074 0.093023 0.085185
4 0.624419 0.925926 0.104651 0.088889
4 0.723256 0.925926 0.093023 0.081481
4 0.801163 0.920370 0.058140 0.077778
4 0.872093 0.922222 0.079070 0.088889
