0 0.155814 0.651852 0.232558 0.466667
1 0.613953 0.303704 0.265116 0.081481
2 0.532558 0.401852 0.148837 0.092593
2 0.682558 0.401852 0.141860 0.085185
2 0.810465 0.401852 0.109302 0.085185
3 0.689535 0.579630 0.197674 0.077778
4 0.736047 0.664815 0.090698 0.077778
4 0.830233 0.668519 0.097674 0.077778
4 0.563953 0.755556 0.095349 0.081481
4 0.662791 0.759259 0.102326 0.081481
4 0.743023 0.755556 0.058140 0.066667
4 0.815116 0.757407 0.076744 0.077778
4 0.898837 0.759259 0.081395 0.074074
4 0.688372 0.844444 0.120930 0.074074
4 0.832558 0.842593 0.158140 0.085185
4 0.390698 0.931481 0.260465 0.077778
4 0.618605 0.925926 0.186047 0.074074
4 0.745349 0.927778 0.058140 0.070370
4 0.856977 0.933333 0.160465 0.074074
