0 0.162791 0.659259 0.223256 0.481481
1 0.655814 0.277778 0.265116 0.088889
2 0.584884 0.372222 0.193023 0.092593
2 0.724419 0.379630 0.095349 0.092593
2 0.838372 0.375926 0.137209 0.092593
3 0.722093 0.564815 0.216279 0.077778
4 0.644186 0.648148 0.060465 0.074074
4 0.720930 0.646296 0.097674 0.077778
4 0.826744 0.655556 0.113953 0.088889
4 0.440698 0.750000 0.127907 0.085185
4 0.554651 0.740741 0.090698 0.081481
4 0.655814 0.746296 0.111628 0.085185
4 0.772093 0.744444 0.111628 0.081481
4 0.860465 0.751852 0.069767 0.074074
4 0.676744 0.827778 0.069767 0.070370
4 0.765116 0.829630 0.106977 0.081481
4 0.883721 0.835185 0.134884 0.085185
4 0.444186 0.918519 0.130233 0.081481
4 0.555814 0.920370 0.083721 0.085185
4 0.644186 0.916667 0.093023 0.085185
4 0.753488 0.920370 0.111628 0.085185
4 0.840698 0.920370 0.072093 0.070370
