0 0.170930 0.657407 0.234884 0.485185
1 0.643023 0.294444 0.258140 0.085185
2 0.587209 0.390741 0.206977 0.092593
2 0.733721 0.401852 0.086047 0.092593
2 0.834884 0.396296 0.111628 0.096296
3 0.712791 0.581481 0.197674 0.074074
4 0.694186 0.675926 0.132558 0.092593
4 0.804651 0.668519 0.093023 0.085185
4 0.698837 0.848148 0.081395 0.074074
4 0.775581 0.846296 0.072093 0.085185
4 0.866279 0.850000 0.104651 0.092593
4 0.389535 0.931481 0.109302 0.085185
4 0.481395 0.931481 0.060465 0.085185
4 0.559302 0.929630 0.086047 0.088889
4 0.637209 0.929630 0.060465 0.081481
4 0.708140 0.929630 0.067442 0.081481
4 0.774419 0.933333 0.074419 0.074074
4 0.863953 0.929630 0.104651 0.081481
