0 0.170930 0.651852 0.239535 0.488889
1 0.644186 0.298148 0.269767 0.085185
2 0.533721 0.392593 0.072093 0.088889
2 0.612791 0.400000 0.086047 0.081481
2 0.717442 0.396296 0.113953 0.096296
2 0.829070 0.400000 0.113953 0.081481
3 0.715116 0.583333 0.206977 0.077778
4 0.708140 0.672222 0.109302 0.092593
4 0.801163 0.668519 0.076744 0.070370
4 0.715116 0.842593 0.062791 0.092593
4 0.791860 0.844444 0.081395 0.088889
4 0.881395 0.844444 0.093023 0.081481
4 0.487209 0.927778 0.076744 0.077778
4 0.572093 0.929630 0.093023 0.081481
4 0.673256 0.927778 0.104651 0.070370
4 0.763953 0.931481 0.081395 0.085185
4 0.860465 0.929630 0.111628 0.081481
4 0.952326 0.929630 0.072093 0.081481
