0 0.159302 0.651852 0.248837 0.488889
1 0.660465 0.281481 0.279070 0.096296
2 0.432558 0.459259 0.209302 0.096296
2 0.627907 0.461111 0.181395 0.092593
2 0.782558 0.461111 0.113953 0.092593
2 0.901163 0.459259 0.113953 0.103704
3 0.731395 0.555556 0.193023 0.074074
4 0.595349 0.642593 0.106977 0.085185
4 0.702326 0.648148 0.102326 0.088889
4 0.804651 0.650000 0.093023 0.085185
4 0.912791 0.642593 0.118605 0.092593
4 0.686047 0.735185 0.106977 0.070370
4 0.805814 0.740741 0.132558 0.074074
4 0.710465 0.822222 0.086047 0.066667
4 0.772093 0.820370 0.032558 0.070370
4 0.831395 0.825926 0.072093 0.081481
4 0.912791 0.824074 0.090698 0.077778
4 0.305814 0.905556 0.048837 0.070370
4 0.386047 0.911111 0.102326 0.066667
4 0.489535 0.912963 0.100000 0.077778
4 0.595349 0.907407 0.097674 0.074074
4 0.705814 0.907407 0.118605 0.074074
4 0.810465 0.909259 0.076744 0.085185
4 0.933721 0.905556 0.127907 0.077778
