0 0.180233 0.651852 0.234884 0.474074
1 0.686047 0.287037 0.330233 0.122222
2 0.569767 0.390741 0.111628 0.092593
2 0.674419 0.398148 0.102326 0.085185
2 0.800000 0.392593 0.153488 0.096296
3 0.716279 0.577778 0.209302 0.081481
4 0.681395 0.662963 0.106977 0.081481
4 0.796512 0.668519 0.118605 0.085185
4 0.479070 0.753704 0.106977 0.077778
4 0.582558 0.755556 0.090698 0.081481
3 0.687209 0.753704 0.123256 0.077778
3 0.790698 0.751852 0.088372 0.081481
3 0.731395 0.837037 0.113953 0.081481
3 0.847674 0.846296 0.123256 0.092593
3 0.469767 0.912963 0.111628 0.085185
3 0.574419 0.911111 0.093023 0.088889
3 0.681395 0.918519 0.125581 0.081481
3 0.783721 0.918519 0.093023 0.074074
