0 0.174419 0.659259 0.218605 0.481481
1 0.665116 0.290741 0.274419 0.092593
2 0.577907 0.387037 0.076744 0.100000
2 0.673256 0.387037 0.109302 0.092593
2 0.806977 0.400000 0.148837 0.103704
3 0.732558 0.581481 0.200000 0.103704
4 0.715116 0.664815 0.090698 0.100000
4 0.808140 0.664815 0.086047 0.092593
4 0.468605 0.742593 0.072093 0.077778
4 0.570930 0.746296 0.118605 0.085185
4 0.693023 0.753704 0.125581 0.077778
4 0.809302 0.759259 0.102326 0.074074
4 0.691860 0.829630 0.048837 0.066667
4 0.745349 0.838889 0.048837 0.070370
4 0.809302 0.838889 0.074419 0.077778
4 0.908140 0.846296 0.104651 0.085185
4 0.495349 0.905556 0.083721 0.070370
4 0.597674 0.914815 0.116279 0.074074
4 0.688372 0.912963 0.060465 0.070370
4 0.779070 0.920370 0.106977 0.085185
