0 0.165116 0.657407 0.241860 0.485185
1 0.660465 0.292593 0.269767 0.088889
2 0.551163 0.396296 0.139535 0.081481
2 0.666279 0.398148 0.090698 0.092593
2 0.824419 0.400000 0.220930 0.096296
3 0.733721 0.587037 0.206977 0.085185
4 0.712791 0.675926 0.081395 0.077778
4 0.805814 0.677778 0.104651 0.088889
4 0.504651 0.757407 0.041860 0.085185
4 0.565116 0.768519 0.088372 0.077778
4 0.661628 0.770370 0.104651 0.081481
4 0.760465 0.774074 0.106977 0.081481
4 0.769767 0.859259 0.083721 0.074074
4 0.862791 0.862963 0.106977 0.074074
4 0.502326 0.938889 0.037209 0.085185
4 0.563953 0.948148 0.086047 0.081481
4 0.662791 0.948148 0.097674 0.074074
4 0.761628 0.950000 0.100000 0.085185
