0 0.175581 0.646296 0.230233 0.470370
1 0.606977 0.290741 0.265116 0.085185
2 0.517442 0.385185 0.146512 0.088889
2 0.646512 0.387037 0.106977 0.100000
2 0.781395 0.390741 0.158140 0.100000
3 0.676744 0.574074 0.200000 0.081481
4 0.604651 0.657407 0.060465 0.070370
4 0.686047 0.661111 0.097674 0.085185
4 0.781395 0.659259 0.093023 0.081481
4 0.402326 0.748148 0.134884 0.088889
4 0.505814 0.751852 0.086047 0.081481
4 0.605814 0.753704 0.109302 0.092593
4 0.706977 0.746296 0.093023 0.077778
4 0.800000 0.750000 0.097674 0.077778
4 0.708140 0.838889 0.104651 0.085185
4 0.806977 0.838889 0.093023 0.085185
4 0.396512 0.922222 0.132558 0.088889
4 0.504651 0.918519 0.088372 0.081481
4 0.601163 0.924074 0.109302 0.092593
4 0.701163 0.918519 0.090698 0.074074
4 0.794186 0.922222 0.095349 0.081481
