0 0.167442 0.662963 0.232558 0.481481
1 0.670930 0.294444 0.267442 0.085185
2 0.598837 0.396296 0.183721 0.088889
2 0.739535 0.398148 0.093023 0.092593
2 0.858140 0.390741 0.148837 0.092593
3 0.747674 0.579630 0.206977 0.077778
4 0.733721 0.674074 0.090698 0.081481
4 0.816279 0.670370 0.079070 0.074074
4 0.532558 0.766667 0.079070 0.074074
4 0.610465 0.764815 0.081395 0.085185
4 0.704651 0.770370 0.102326 0.081481
4 0.789535 0.768519 0.072093 0.070370
4 0.788372 0.851852 0.097674 0.074074
4 0.869767 0.850000 0.069767 0.077778
4 0.441860 0.937037 0.083721 0.088889
4 0.525581 0.937037 0.083721 0.081481
4 0.609302 0.935185 0.079070 0.077778
4 0.689535 0.940741 0.081395 0.081481
4 0.786047 0.940741 0.102326 0.081481
4 0.867442 0.937037 0.065116 0.066667
