0 0.172093 0.655556 0.227907 0.511111
1 0.666279 0.285185 0.351163 0.111111
2 0.515116 0.396296 0.141860 0.081481
2 0.670930 0.400000 0.155814 0.096296
2 0.839535 0.390741 0.176744 0.092593
3 0.703488 0.572222 0.202326 0.077778
4 0.588372 0.759259 0.088372 0.074074
4 0.672093 0.761111 0.074419 0.085185
4 0.722093 0.762963 0.020930 0.037037
4 0.761628 0.751852 0.062791 0.088889
4 0.845349 0.759259 0.095349 0.088889
4 0.716279 0.844444 0.083721 0.088889
4 0.823256 0.846296 0.130233 0.092593
4 0.475581 0.925926 0.100000 0.088889
4 0.565116 0.929630 0.093023 0.088889
4 0.660465 0.927778 0.093023 0.092593
4 0.760465 0.933333 0.093023 0.088889
