0 0.169767 0.661111 0.260465 0.507407
1 0.641860 0.296296 0.265116 0.088889
2 0.534884 0.388889 0.204651 0.096296
2 0.736047 0.394444 0.183721 0.100000
2 0.897674 0.396296 0.139535 0.103704
3 0.701163 0.583333 0.211628 0.077778
4 0.658140 0.670370 0.060465 0.081481
4 0.719767 0.672222 0.062791 0.085185
4 0.782558 0.668519 0.072093 0.085185
4 0.869767 0.670370 0.106977 0.081481
4 0.737209 0.851852 0.158140 0.074074
4 0.866279 0.853704 0.109302 0.077778
4 0.934884 0.859259 0.023256 0.037037
4 0.423256 0.937037 0.088372 0.081481
4 0.501163 0.937037 0.086047 0.074074
4 0.574419 0.935185 0.065116 0.070370
4 0.640698 0.935185 0.067442 0.077778
4 0.709302 0.931481 0.069767 0.077778
4 0.776744 0.933333 0.065116 0.081481
4 0.845349 0.933333 0.072093 0.074074
4 0.936047 0.931481 0.113953 0.085185
