1 0.638372 0.294444 0.272093 0.085185
0 0.167442 0.662963 0.223256 0.474074
2 0.516279 0.401852 0.069767 0.092593
2 0.598837 0.394444 0.086047 0.100000
2 0.704651 0.388889 0.120930 0.096296
2 0.831395 0.385185 0.132558 0.096296
3 0.705814 0.574074 0.211628 0.074074
4 0.660465 0.661111 0.060465 0.085185
4 0.736047 0.661111 0.095349 0.085185
4 0.816279 0.651852 0.055814 0.088889
4 0.450000 0.766667 0.127907 0.081481
4 0.555814 0.757407 0.079070 0.085185
4 0.638372 0.759259 0.081395 0.088889
4 0.731395 0.753704 0.100000 0.085185
4 0.820930 0.746296 0.079070 0.077778
4 0.716279 0.833333 0.060465 0.074074
4 0.791860 0.829630 0.095349 0.081481
4 0.869767 0.829630 0.060465 0.081481
4 0.446512 0.925926 0.130233 0.081481
4 0.547674 0.920370 0.086047 0.070370
4 0.630233 0.918519 0.079070 0.081481
4 0.725581 0.920370 0.102326 0.085185
4 0.817442 0.916667 0.081395 0.085185
