0 0.170930 0.655556 0.239535 0.511111
1 0.650000 0.303704 0.258140 0.096296
2 0.512791 0.401852 0.155814 0.085185
2 0.686047 0.403704 0.186047 0.088889
2 0.868605 0.407407 0.188372 0.096296
3 0.720930 0.579630 0.106977 0.070370
4 0.679070 0.670370 0.111628 0.088889
4 0.784884 0.666667 0.100000 0.088889
4 0.859302 0.672222 0.058140 0.077778
4 0.586047 0.757407 0.106977 0.100000
4 0.683721 0.755556 0.088372 0.081481
4 0.761628 0.757407 0.062791 0.077778
4 0.858140 0.761111 0.125581 0.092593
4 0.733721 0.838889 0.113953 0.092593
4 0.837209 0.840741 0.102326 0.081481
4 0.910465 0.844444 0.048837 0.074074
4 0.443023 0.927778 0.109302 0.085185
4 0.541860 0.920370 0.093023 0.085185
4 0.609302 0.922222 0.046512 0.081481
4 0.674419 0.927778 0.083721 0.092593
4 0.761628 0.925926 0.090698 0.088889
4 0.839535 0.925926 0.065116 0.074074
4 0.934884 0.938889 0.120930 0.100000
