0 0.160465 0.668519 0.246512 0.514815
1 0.639535 0.288889 0.288372 0.096296
2 0.565116 0.394444 0.209302 0.107407
2 0.715116 0.390741 0.090698 0.092593
2 0.830233 0.387037 0.139535 0.092593
2 0.917442 0.396296 0.034884 0.037037
2 0.846512 0.479630 0.200000 0.077778
3 0.706977 0.581481 0.223256 0.088889
4 0.656977 0.670370 0.113953 0.096296
4 0.751163 0.675926 0.083721 0.077778
4 0.752326 0.853704 0.127907 0.077778
4 0.840698 0.846296 0.067442 0.100000
4 0.898837 0.844444 0.044186 0.074074
4 0.270930 0.961111 0.058140 0.070370
4 0.358140 0.953704 0.111628 0.070370
4 0.459302 0.948148 0.090698 0.088889
4 0.554651 0.948148 0.086047 0.088889
4 0.627907 0.938889 0.065116 0.085185
4 0.697674 0.937037 0.074419 0.081481
4 0.767442 0.940741 0.069767 0.081481
4 0.840698 0.938889 0.076744 0.085185
4 0.931395 0.937037 0.104651 0.088889
