0 0.179070 0.653704 0.237209 0.470370
1 0.658140 0.314815 0.274419 0.096296
2 0.568605 0.407407 0.132558 0.088889
2 0.679070 0.412963 0.083721 0.092593
2 0.815116 0.411111 0.188372 0.088889
3 0.734884 0.588889 0.209302 0.081481
4 0.453488 0.753704 0.055814 0.070370
4 0.525581 0.755556 0.083721 0.088889
4 0.598837 0.759259 0.067442 0.081481
4 0.653488 0.755556 0.046512 0.081481
4 0.732558 0.759259 0.111628 0.088889
4 0.831395 0.751852 0.076744 0.081481
4 0.715116 0.831481 0.039535 0.077778
4 0.800000 0.840741 0.125581 0.088889
4 0.894186 0.838889 0.067442 0.085185
4 0.401163 0.922222 0.067442 0.074074
4 0.482558 0.924074 0.095349 0.077778
4 0.588372 0.922222 0.106977 0.088889
4 0.660465 0.918519 0.046512 0.081481
4 0.730233 0.916667 0.088372 0.077778
4 0.853488 0.922222 0.153488 0.081481
