0 0.170930 0.661111 0.239535 0.500000
1 0.648837 0.281481 0.269767 0.081481
2 0.536047 0.375926 0.072093 0.092593
2 0.616279 0.379630 0.088372 0.092593
2 0.740698 0.377778 0.155814 0.088889
2 0.850000 0.374074 0.058140 0.081481
3 0.725581 0.564815 0.232558 0.077778
4 0.683721 0.657407 0.083721 0.085185
4 0.791860 0.657407 0.123256 0.077778
4 0.451163 0.748148 0.083721 0.081481
4 0.561628 0.748148 0.127907 0.088889
4 0.694186 0.748148 0.132558 0.088889
4 0.811628 0.744444 0.102326 0.088889
4 0.726744 0.833333 0.123256 0.074074
4 0.841860 0.829630 0.106977 0.074074
4 0.923256 0.831481 0.051163 0.077778
4 0.505814 0.911111 0.053488 0.066667
4 0.580233 0.918519 0.081395 0.081481
4 0.686047 0.918519 0.120930 0.081481
4 0.787209 0.920370 0.081395 0.085185
4 0.866279 0.914815 0.081395 0.074074
4 0.947674 0.911111 0.076744 0.074074
