0 0.193023 0.668519 0.227907 0.462963
1 0.683721 0.303704 0.330233 0.103704
2 0.593023 0.400000 0.200000 0.096296
2 0.745349 0.396296 0.109302 0.088889
2 0.845349 0.401852 0.086047 0.077778
3 0.708140 0.574074 0.197674 0.088889
4 0.701163 0.666667 0.109302 0.088889
4 0.795349 0.659259 0.083721 0.081481
4 0.522093 0.751852 0.067442 0.088889
4 0.601163 0.748148 0.090698 0.081481
4 0.669767 0.748148 0.060465 0.074074
4 0.741860 0.744444 0.079070 0.081481
4 0.754651 0.833333 0.109302 0.088889
4 0.843023 0.827778 0.076744 0.077778
4 0.518605 0.912963 0.069767 0.085185
4 0.593023 0.909259 0.088372 0.085185
4 0.668605 0.909259 0.062791 0.077778
4 0.739535 0.907407 0.074419 0.088889
