0 0.166279 0.677778 0.253488 0.533333
1 0.660465 0.272222 0.260465 0.077778
2 0.534884 0.375926 0.134884 0.077778
2 0.677907 0.368519 0.151163 0.092593
2 0.850000 0.370370 0.188372 0.096296
3 0.724419 0.562963 0.206977 0.081481
4 0.646512 0.657407 0.158140 0.077778
4 0.796512 0.659259 0.146512 0.074074
4 0.908140 0.657407 0.081395 0.070370
4 0.396512 0.746296 0.123256 0.062963
4 0.502326 0.750000 0.079070 0.077778
4 0.587209 0.751852 0.095349 0.074074
4 0.689535 0.751852 0.109302 0.081481
4 0.795349 0.755556 0.102326 0.081481
4 0.901163 0.755556 0.104651 0.081481
4 0.730233 0.837037 0.060465 0.074074
4 0.803488 0.838889 0.081395 0.070370
4 0.889535 0.840741 0.090698 0.074074
4 0.443023 0.927778 0.137209 0.077778
4 0.554651 0.925926 0.086047 0.074074
4 0.638372 0.922222 0.086047 0.081481
4 0.745349 0.920370 0.123256 0.070370
4 0.852326 0.920370 0.086047 0.070370
