0 0.167442 0.659259 0.246512 0.488889
1 0.637209 0.287037 0.265116 0.085185
2 0.594186 0.387037 0.137209 0.092593
2 0.695349 0.383333 0.069767 0.100000
2 0.793023 0.377778 0.125581 0.096296
3 0.713953 0.566667 0.204651 0.088889
4 0.636047 0.648148 0.058140 0.074074
4 0.733721 0.653704 0.132558 0.085185
4 0.844186 0.651852 0.079070 0.074074
4 0.426744 0.750000 0.123256 0.077778
4 0.539535 0.748148 0.102326 0.081481
4 0.651163 0.744444 0.120930 0.081481
4 0.751163 0.740741 0.074419 0.088889
4 0.847674 0.740741 0.118605 0.088889
4 0.693023 0.825926 0.060465 0.074074
4 0.790698 0.831481 0.134884 0.085185
4 0.897674 0.824074 0.079070 0.070370
4 0.423256 0.916667 0.130233 0.077778
4 0.538372 0.918519 0.095349 0.081481
4 0.650000 0.920370 0.123256 0.085185
4 0.748837 0.907407 0.074419 0.074074
4 0.845349 0.914815 0.118605 0.081481
