0 0.169767 0.646296 0.237209 0.485185
1 0.654651 0.303704 0.258140 0.088889
2 0.537209 0.396296 0.111628 0.088889
2 0.636047 0.400000 0.086047 0.096296
2 0.755814 0.394444 0.148837 0.092593
3 0.689535 0.568519 0.206977 0.100000
4 0.543023 0.651852 0.067442 0.081481
4 0.640698 0.644444 0.123256 0.088889
4 0.720930 0.650000 0.041860 0.077778
4 0.431395 0.748148 0.062791 0.096296
4 0.498837 0.740741 0.081395 0.088889
4 0.596512 0.744444 0.118605 0.096296
4 0.697674 0.740741 0.074419 0.081481
4 0.798837 0.742593 0.127907 0.100000
4 0.690698 0.822222 0.074419 0.096296
4 0.770930 0.827778 0.095349 0.085185
4 0.319767 0.914815 0.072093 0.081481
4 0.416279 0.912963 0.125581 0.092593
4 0.498837 0.912963 0.044186 0.077778
4 0.552326 0.912963 0.067442 0.085185
4 0.625581 0.912963 0.079070 0.085185
4 0.723256 0.918519 0.120930 0.103704
4 0.824419 0.911111 0.076744 0.088889
4 0.920930 0.912963 0.125581 0.100000
