0 0.147674 0.674074 0.234884 0.533333
1 0.698837 0.262963 0.290698 0.081481
2 0.646512 0.374074 0.079070 0.096296
2 0.731395 0.374074 0.081395 0.096296
2 0.830233 0.374074 0.116279 0.096296
3 0.779070 0.577778 0.223256 0.088889
4 0.745349 0.675926 0.137209 0.092593
4 0.872093 0.672222 0.116279 0.085185
4 0.552326 0.779630 0.109302 0.100000
4 0.652326 0.783333 0.090698 0.092593
4 0.736047 0.783333 0.067442 0.092593
4 0.815116 0.781481 0.100000 0.081481
4 0.805814 0.879630 0.132558 0.085185
4 0.922093 0.868519 0.104651 0.092593
4 0.541860 0.966667 0.116279 0.066667
4 0.648837 0.966667 0.093023 0.066667
4 0.730233 0.966667 0.065116 0.066667
4 0.811628 0.962963 0.102326 0.074074
