0 0.177907 0.653704 0.234884 0.492593
1 0.636047 0.305556 0.253488 0.100000
2 0.422093 0.501852 0.188372 0.092593
2 0.558140 0.501852 0.093023 0.092593
2 0.669767 0.498148 0.134884 0.092593
2 0.825581 0.505556 0.176744 0.085185
3 0.715116 0.601852 0.211628 0.077778
4 0.580233 0.781481 0.053488 0.066667
4 0.652326 0.781481 0.058140 0.074074
4 0.737209 0.788889 0.111628 0.088889
4 0.638372 0.868519 0.058140 0.070370
4 0.695349 0.872222 0.060465 0.070370
4 0.798837 0.877778 0.146512 0.088889
4 0.922093 0.872222 0.104651 0.085185
4 0.362791 0.953704 0.097674 0.077778
4 0.479070 0.953704 0.134884 0.085185
4 0.588372 0.959259 0.088372 0.074074
4 0.693023 0.959259 0.120930 0.074074
4 0.822093 0.955556 0.127907 0.074074
4 0.926744 0.953704 0.086047 0.077778
