0 0.177907 0.655556 0.234884 0.481481
1 0.689535 0.298148 0.346512 0.107407
2 0.553488 0.409259 0.181395 0.100000
2 0.729070 0.412963 0.155814 0.100000
2 0.889535 0.412963 0.132558 0.100000
3 0.746512 0.581481 0.293023 0.088889
4 0.627907 0.679630 0.069767 0.085185
4 0.722093 0.674074 0.072093 0.096296
4 0.820930 0.672222 0.093023 0.100000
4 0.936047 0.674074 0.123256 0.088889
4 0.774419 0.848148 0.130233 0.103704
4 0.898837 0.850000 0.100000 0.107407
4 0.441860 0.920370 0.079070 0.085185
4 0.529070 0.931481 0.086047 0.085185
4 0.634884 0.924074 0.125581 0.085185
4 0.791860 0.931481 0.155814 0.092593
