0 0.166279 0.657407 0.230233 0.492593
1 0.711628 0.301852 0.358140 0.107407
2 0.482558 0.400000 0.072093 0.088889
2 0.623256 0.401852 0.209302 0.085185
2 0.789535 0.392593 0.118605 0.081481
3 0.679070 0.583333 0.209302 0.070370
4 0.666279 0.670370 0.132558 0.088889
4 0.774419 0.662963 0.093023 0.081481
4 0.460465 0.785185 0.130233 0.074074
4 0.565116 0.770370 0.088372 0.074074
4 0.670930 0.764815 0.127907 0.085185
4 0.776744 0.751852 0.088372 0.081481
4 0.726744 0.840741 0.100000 0.074074
4 0.816279 0.838889 0.074419 0.077778
4 0.448837 0.944444 0.093023 0.081481
4 0.550000 0.937037 0.109302 0.088889
4 0.667442 0.933333 0.120930 0.081481
4 0.770930 0.920370 0.086047 0.085185
