0 0.170930 0.666667 0.239535 0.496296
1 0.653488 0.296296 0.265116 0.074074
2 0.530233 0.388889 0.144186 0.088889
2 0.689535 0.394444 0.183721 0.085185
2 0.856977 0.394444 0.151163 0.085185
3 0.724419 0.575926 0.206977 0.070370
4 0.669767 0.661111 0.079070 0.062963
4 0.770930 0.662963 0.123256 0.066667
4 0.854651 0.664815 0.044186 0.062963
4 0.477907 0.750000 0.090698 0.070370
4 0.581395 0.750000 0.116279 0.070370
4 0.695349 0.755556 0.106977 0.081481
4 0.798837 0.762963 0.104651 0.081481
4 0.691860 0.837037 0.072093 0.096296
4 0.779070 0.842593 0.097674 0.085185
4 0.889535 0.842593 0.118605 0.077778
4 0.356977 0.920370 0.090698 0.070370
4 0.462791 0.916667 0.125581 0.070370
4 0.552326 0.918519 0.053488 0.066667
4 0.620930 0.918519 0.088372 0.066667
4 0.723256 0.924074 0.116279 0.077778
4 0.834884 0.925926 0.102326 0.081481
4 0.936047 0.925926 0.095349 0.088889
