0 0.182558 0.646296 0.230233 0.477778
1 0.726744 0.288889 0.355814 0.111111
2 0.552326 0.396296 0.202326 0.096296
2 0.706977 0.394444 0.116279 0.100000
2 0.824419 0.401852 0.127907 0.092593
3 0.690698 0.583333 0.209302 0.085185
4 0.680233 0.666667 0.072093 0.074074
4 0.753488 0.675926 0.079070 0.077778
4 0.461628 0.755556 0.086047 0.081481
4 0.561628 0.759259 0.100000 0.074074
4 0.667442 0.764815 0.097674 0.077778
4 0.755814 0.757407 0.083721 0.077778
4 0.725581 0.838889 0.097674 0.077778
4 0.817442 0.838889 0.090698 0.085185
4 0.456977 0.918519 0.090698 0.074074
4 0.559302 0.924074 0.104651 0.085185
4 0.665116 0.925926 0.093023 0.081481
4 0.750000 0.924074 0.076744 0.070370
