0 0.168605 0.661111 0.239535 0.500000
1 0.647674 0.311111 0.272093 0.088889
2 0.566279 0.409259 0.179070 0.092593
2 0.700000 0.407407 0.088372 0.088889
2 0.818605 0.396296 0.148837 0.088889
3 0.702326 0.588889 0.218605 0.081481
4 0.656977 0.681481 0.127907 0.088889
4 0.774419 0.675926 0.120930 0.077778
4 0.712791 0.848148 0.165116 0.081481
4 0.855814 0.846296 0.111628 0.085185
4 0.925581 0.855556 0.027907 0.051852
4 0.324419 0.944444 0.076744 0.074074
4 0.411628 0.946296 0.093023 0.085185
4 0.488372 0.938889 0.065116 0.085185
4 0.573256 0.937037 0.104651 0.088889
4 0.646512 0.940741 0.041860 0.081481
4 0.700000 0.935185 0.069767 0.077778
4 0.769767 0.933333 0.069767 0.074074
4 0.836047 0.929630 0.076744 0.081481
4 0.932558 0.938889 0.116279 0.085185
