0 0.174419 0.653704 0.227907 0.470370
1 0.691860 0.287037 0.346512 0.107407
2 0.596512 0.390741 0.160465 0.092593
2 0.751163 0.403704 0.125581 0.103704
2 0.904651 0.398148 0.153488 0.085185
3 0.695349 0.557407 0.288372 0.100000
4 0.653488 0.662963 0.148837 0.081481
4 0.791860 0.661111 0.090698 0.092593
4 0.846512 0.677778 0.027907 0.044444
4 0.632558 0.742593 0.111628 0.092593
4 0.736047 0.742593 0.090698 0.085185
4 0.830233 0.744444 0.069767 0.081481
4 0.739535 0.833333 0.153488 0.081481
4 0.873256 0.833333 0.095349 0.088889
4 0.874419 0.759259 0.027907 0.044444
4 0.931395 0.848148 0.030233 0.044444
4 0.516279 0.905556 0.097674 0.085185
4 0.625581 0.909259 0.097674 0.085185
4 0.682558 0.931481 0.030233 0.048148
4 0.737209 0.912963 0.093023 0.077778
4 0.833721 0.905556 0.072093 0.077778
4 0.876744 0.922222 0.032558 0.044444
