0 0.167442 0.651852 0.241860 0.496296
1 0.687209 0.294444 0.365116 0.107407
2 0.572093 0.396296 0.069767 0.096296
2 0.663953 0.398148 0.109302 0.092593
2 0.775581 0.400000 0.113953 0.096296
3 0.711628 0.581481 0.204651 0.096296
4 0.706977 0.670370 0.088372 0.081481
4 0.784884 0.672222 0.067442 0.092593
4 0.480233 0.764815 0.072093 0.077778
4 0.547674 0.759259 0.067442 0.088889
4 0.625581 0.757407 0.083721 0.085185
4 0.751163 0.764815 0.162791 0.092593
4 0.737209 0.848148 0.134884 0.081481
4 0.855814 0.850000 0.097674 0.085185
4 0.426744 0.933333 0.081395 0.074074
4 0.538372 0.937037 0.141860 0.088889
4 0.669767 0.931481 0.120930 0.077778
4 0.795349 0.935185 0.139535 0.077778
