0 0.173256 0.670370 0.244186 0.503704
1 0.666279 0.288889 0.258140 0.074074
2 0.525581 0.385185 0.093023 0.088889
2 0.615116 0.388889 0.086047 0.088889
2 0.748837 0.392593 0.176744 0.081481
2 0.891860 0.394444 0.109302 0.077778
3 0.740698 0.574074 0.206977 0.074074
4 0.669767 0.662963 0.074419 0.074074
4 0.747674 0.661111 0.081395 0.077778
4 0.837209 0.662963 0.102326 0.074074
4 0.466279 0.757407 0.127907 0.085185
4 0.593023 0.755556 0.125581 0.081481
4 0.691860 0.755556 0.072093 0.081481
4 0.766279 0.755556 0.072093 0.088889
4 0.853488 0.753704 0.102326 0.085185
4 0.724419 0.840741 0.076744 0.074074
4 0.802326 0.842593 0.079070 0.077778
4 0.893023 0.838889 0.102326 0.077778
4 0.461628 0.929630 0.132558 0.088889
4 0.588372 0.927778 0.125581 0.085185
4 0.688372 0.922222 0.074419 0.074074
4 0.763953 0.914815 0.076744 0.074074
4 0.851163 0.916667 0.102326 0.077778
