0 0.170930 0.653704 0.248837 0.514815
1 0.648837 0.283333 0.279070 0.077778
2 0.563953 0.390741 0.202326 0.114815
2 0.740698 0.388889 0.146512 0.103704
2 0.872093 0.388889 0.120930 0.111111
3 0.717442 0.568519 0.225581 0.114815
4 0.723256 0.668519 0.158140 0.100000
4 0.819767 0.666667 0.048837 0.088889
4 0.458140 0.751852 0.065116 0.074074
4 0.532558 0.757407 0.079070 0.092593
4 0.700000 0.761111 0.074419 0.092593
4 0.787209 0.757407 0.095349 0.092593
4 0.781395 0.848148 0.116279 0.096296
4 0.860465 0.844444 0.051163 0.088889
4 0.465116 0.935185 0.153488 0.092593
4 0.554651 0.925926 0.039535 0.081481
4 0.609302 0.927778 0.060465 0.085185
4 0.679070 0.935185 0.069767 0.092593
4 0.763953 0.935185 0.095349 0.100000
4 0.853488 0.938889 0.074419 0.100000
4 0.936047 0.938889 0.095349 0.092593
