0 0.182558 0.657407 0.239535 0.492593
1 0.659302 0.300000 0.230233 0.081481
2 0.581395 0.400000 0.125581 0.088889
2 0.684884 0.401852 0.090698 0.085185
2 0.766279 0.398148 0.072093 0.085185
3 0.681395 0.566667 0.200000 0.074074
4 0.624419 0.664815 0.076744 0.070370
4 0.709302 0.662963 0.097674 0.081481
4 0.772093 0.655556 0.037209 0.088889
4 0.829070 0.655556 0.072093 0.081481
4 0.593023 0.753704 0.083721 0.085185
4 0.677907 0.744444 0.086047 0.074074
4 0.698837 0.829630 0.072093 0.074074
4 0.780233 0.829630 0.090698 0.081481
4 0.845349 0.825926 0.039535 0.081481
4 0.900000 0.827778 0.069767 0.077778
4 0.674419 0.924074 0.093023 0.077778
4 0.763953 0.922222 0.086047 0.074074
