0 0.162791 0.666667 0.246512 0.511111
1 0.648837 0.285185 0.265116 0.081481
2 0.547674 0.383333 0.123256 0.085185
2 0.693023 0.385185 0.167442 0.081481
2 0.841860 0.383333 0.130233 0.085185
3 0.727907 0.572222 0.213953 0.085185
4 0.653488 0.659259 0.065116 0.074074
4 0.722093 0.659259 0.081395 0.074074
4 0.819767 0.668519 0.113953 0.085185
4 0.476744 0.757407 0.134884 0.092593
4 0.573256 0.753704 0.053488 0.077778
4 0.627907 0.755556 0.055814 0.081481
4 0.688372 0.753704 0.055814 0.077778
4 0.747674 0.755556 0.062791 0.081481
4 0.820930 0.759259 0.083721 0.081481
4 0.706977 0.842593 0.060465 0.077778
4 0.779070 0.842593 0.083721 0.077778
4 0.877907 0.846296 0.118605 0.085185
4 0.474419 0.933333 0.139535 0.088889
4 0.569767 0.925926 0.055814 0.074074
4 0.625581 0.927778 0.060465 0.077778
4 0.687209 0.927778 0.062791 0.077778
4 0.747674 0.929630 0.062791 0.074074
4 0.818605 0.927778 0.079070 0.077778
