0 0.183721 0.655556 0.227907 0.459259
1 0.670930 0.300000 0.346512 0.118519
2 0.561628 0.411111 0.183721 0.103704
2 0.712791 0.405556 0.100000 0.085185
2 0.827907 0.409259 0.093023 0.100000
3 0.753488 0.574074 0.293023 0.096296
4 0.739535 0.659259 0.106977 0.096296
4 0.872093 0.662963 0.125581 0.088889
4 0.405814 0.750000 0.109302 0.092593
4 0.526744 0.755556 0.113953 0.096296
4 0.688372 0.751852 0.153488 0.096296
4 0.838372 0.751852 0.118605 0.088889
4 0.705814 0.829630 0.104651 0.081481
4 0.838372 0.829630 0.137209 0.074074
4 0.408140 0.907407 0.095349 0.088889
4 0.527907 0.907407 0.106977 0.096296
4 0.687209 0.907407 0.151163 0.096296
4 0.838372 0.909259 0.123256 0.092593
