0 0.172093 0.629630 0.223256 0.503704
1 0.643023 0.279630 0.267442 0.100000
2 0.425581 0.459259 0.200000 0.103704
2 0.572093 0.466667 0.083721 0.088889
2 0.681395 0.464815 0.134884 0.100000
2 0.841860 0.479630 0.176744 0.107407
3 0.712791 0.564815 0.206977 0.092593
4 0.696512 0.651852 0.086047 0.081481
4 0.787209 0.653704 0.100000 0.085185
4 0.444186 0.720370 0.120930 0.092593
4 0.552326 0.731481 0.090698 0.092593
4 0.651163 0.735185 0.116279 0.085185
4 0.763953 0.748148 0.104651 0.081481
4 0.850000 0.759259 0.072093 0.074074
4 0.670930 0.818519 0.100000 0.081481
4 0.745349 0.825926 0.053488 0.074074
4 0.818605 0.829630 0.097674 0.081481
4 0.912791 0.840741 0.095349 0.081481
4 0.439535 0.887037 0.130233 0.085185
4 0.546512 0.887037 0.097674 0.085185
4 0.646512 0.901852 0.106977 0.085185
4 0.760465 0.909259 0.106977 0.092593
4 0.848837 0.914815 0.074419 0.081481
