0 0.168605 0.659259 0.230233 0.474074
1 0.643023 0.296296 0.258140 0.088889
2 0.612791 0.396296 0.127907 0.088889
2 0.724419 0.398148 0.090698 0.092593
2 0.796512 0.385185 0.058140 0.081481
3 0.709302 0.574074 0.204651 0.081481
4 0.647674 0.662963 0.058140 0.088889
4 0.715116 0.659259 0.086047 0.081481
4 0.813953 0.659259 0.111628 0.074074
4 0.411628 0.761111 0.120930 0.085185
4 0.515116 0.757407 0.086047 0.085185
4 0.613953 0.759259 0.111628 0.088889
4 0.702326 0.753704 0.065116 0.077778
4 0.769767 0.748148 0.069767 0.081481
4 0.858140 0.755556 0.116279 0.088889
4 0.700000 0.835185 0.060465 0.077778
4 0.772093 0.837037 0.083721 0.074074
4 0.872093 0.837037 0.116279 0.074074
4 0.406977 0.938889 0.125581 0.085185
4 0.515116 0.925926 0.081395 0.074074
4 0.612791 0.927778 0.109302 0.092593
4 0.702326 0.922222 0.069767 0.074074
4 0.772093 0.918519 0.065116 0.081481
4 0.861628 0.927778 0.113953 0.085185
