0 0.158140 0.664815 0.237209 0.514815
1 0.662791 0.288889 0.279070 0.096296
2 0.543023 0.390741 0.206977 0.107407
2 0.719767 0.392593 0.151163 0.103704
2 0.894186 0.394444 0.193023 0.100000
3 0.740698 0.581481 0.220930 0.088889
4 0.772093 0.670370 0.106977 0.081481
4 0.880233 0.672222 0.118605 0.085185
4 0.484884 0.764815 0.109302 0.085185
4 0.600000 0.768519 0.120930 0.085185
4 0.708140 0.764815 0.095349 0.085185
4 0.809302 0.766667 0.106977 0.088889
4 0.765116 0.851852 0.106977 0.088889
4 0.880233 0.853704 0.123256 0.092593
4 0.481395 0.946296 0.106977 0.085185
4 0.597674 0.944444 0.120930 0.081481
4 0.705814 0.946296 0.095349 0.085185
4 0.806977 0.946296 0.106977 0.085185
