0 0.174419 0.650000 0.227907 0.470370
1 0.665116 0.301852 0.274419 0.077778
2 0.573256 0.401852 0.197674 0.092593
2 0.717442 0.411111 0.095349 0.096296
2 0.833721 0.405556 0.151163 0.100000
3 0.711628 0.579630 0.209302 0.085185
4 0.650000 0.668519 0.067442 0.077778
4 0.740698 0.674074 0.104651 0.096296
4 0.736047 0.846296 0.113953 0.077778
4 0.836047 0.848148 0.086047 0.074074
4 0.203488 0.925926 0.044186 0.066667
4 0.263953 0.925926 0.076744 0.074074
4 0.351163 0.924074 0.093023 0.077778
4 0.448837 0.924074 0.102326 0.085185
4 0.559302 0.927778 0.109302 0.092593
4 0.641860 0.925926 0.055814 0.074074
4 0.704651 0.925926 0.069767 0.074074
4 0.774419 0.927778 0.065116 0.085185
4 0.845349 0.927778 0.076744 0.077778
4 0.938372 0.933333 0.109302 0.088889
