0 0.169767 0.662963 0.237209 0.474074
1 0.634884 0.311111 0.265116 0.096296
2 0.523256 0.409259 0.200000 0.107407
2 0.716279 0.403704 0.181395 0.096296
2 0.883721 0.401852 0.144186 0.085185
3 0.702326 0.583333 0.227907 0.077778
4 0.630233 0.668519 0.106977 0.077778
4 0.736047 0.672222 0.109302 0.085185
4 0.803488 0.670370 0.020930 0.029630
4 0.869767 0.668519 0.116279 0.077778
4 0.667442 0.844444 0.093023 0.066667
4 0.734884 0.846296 0.041860 0.070370
4 0.804651 0.842593 0.097674 0.077778
4 0.911628 0.838889 0.111628 0.085185
4 0.295349 0.929630 0.065116 0.066667
4 0.376744 0.925926 0.093023 0.059259
4 0.472093 0.931481 0.088372 0.085185
4 0.525581 0.931481 0.018605 0.025926
4 0.575581 0.927778 0.095349 0.077778
4 0.689535 0.927778 0.123256 0.070370
4 0.804651 0.918519 0.102326 0.066667
4 0.923256 0.918519 0.130233 0.074074
