0 0.170930 0.664815 0.234884 0.500000
1 0.673256 0.287037 0.365116 0.114815
2 0.475581 0.398148 0.076744 0.092593
2 0.573256 0.411111 0.095349 0.103704
2 0.700000 0.400000 0.134884 0.096296
2 0.854651 0.396296 0.165116 0.103704
3 0.612791 0.575926 0.141860 0.100000
4 0.602326 0.675926 0.102326 0.092593
4 0.704651 0.675926 0.074419 0.077778
4 0.732558 0.755556 0.134884 0.096296
4 0.847674 0.753704 0.076744 0.085185
4 0.650000 0.848148 0.081395 0.081481
4 0.762791 0.855556 0.134884 0.081481
4 0.893023 0.851852 0.097674 0.096296
4 0.976744 0.846296 0.037209 0.077778
4 0.343023 0.942593 0.090698 0.092593
4 0.497674 0.937037 0.176744 0.096296
4 0.630233 0.935185 0.102326 0.085185
4 0.738372 0.944444 0.090698 0.081481
4 0.850000 0.946296 0.127907 0.092593
4 0.960465 0.935185 0.069767 0.085185
