0 0.172093 0.644444 0.227907 0.459259
1 0.654651 0.316667 0.267442 0.092593
2 0.593023 0.409259 0.200000 0.092593
2 0.748837 0.412963 0.106977 0.100000
2 0.855814 0.414815 0.106977 0.088889
3 0.720930 0.590741 0.200000 0.092593
4 0.660465 0.677778 0.055814 0.081481
4 0.738372 0.683333 0.090698 0.085185
4 0.824419 0.685185 0.086047 0.074074
4 0.466279 0.770370 0.123256 0.081481
4 0.567442 0.768519 0.074419 0.077778
4 0.645349 0.770370 0.081395 0.081481
4 0.733721 0.774074 0.095349 0.081481
4 0.827907 0.775926 0.097674 0.077778
4 0.700000 0.851852 0.060465 0.074074
4 0.837209 0.862963 0.213953 0.088889
4 0.465116 0.929630 0.120930 0.081481
4 0.562791 0.933333 0.079070 0.081481
4 0.666279 0.938889 0.123256 0.085185
4 0.763953 0.938889 0.072093 0.077778
4 0.831395 0.933333 0.062791 0.088889
