0 0.175581 0.633333 0.244186 0.488889
1 0.666279 0.316667 0.276744 0.070370
2 0.540698 0.416667 0.100000 0.092593
2 0.644186 0.407407 0.102326 0.096296
2 0.769767 0.407407 0.148837 0.096296
3 0.659302 0.583333 0.220930 0.085185
4 0.588372 0.675926 0.065116 0.077778
4 0.666279 0.674074 0.072093 0.081481
4 0.747674 0.670370 0.081395 0.074074
4 0.844186 0.668519 0.116279 0.085185
4 0.737209 0.846296 0.097674 0.070370
4 0.840698 0.840741 0.100000 0.081481
4 0.241860 0.922222 0.051163 0.066667
4 0.338372 0.924074 0.141860 0.092593
4 0.458140 0.929630 0.093023 0.081481
4 0.563953 0.927778 0.109302 0.077778
4 0.663953 0.927778 0.067442 0.092593
4 0.740698 0.920370 0.076744 0.085185
4 0.822093 0.918519 0.086047 0.081481
4 0.919767 0.914815 0.123256 0.081481
