0 0.175581 0.664815 0.234884 0.470370
1 0.638372 0.290741 0.272093 0.085185
2 0.558140 0.394444 0.181395 0.100000
2 0.701163 0.394444 0.113953 0.085185
2 0.827907 0.387037 0.148837 0.092593
3 0.702326 0.572222 0.200000 0.085185
4 0.670930 0.661111 0.086047 0.085185
4 0.777907 0.659259 0.127907 0.088889
4 0.677907 0.840741 0.113953 0.081481
4 0.804651 0.835185 0.130233 0.085185
4 0.911628 0.838889 0.083721 0.077778
4 0.325581 0.929630 0.106977 0.081481
4 0.437209 0.922222 0.106977 0.081481
4 0.547674 0.924074 0.100000 0.085185
4 0.648837 0.918519 0.093023 0.074074
4 0.737209 0.920370 0.093023 0.077778
4 0.837209 0.922222 0.111628 0.081481
4 0.929070 0.920370 0.072093 0.077778
