0 0.162791 0.659259 0.255814 0.511111
1 0.652326 0.283333 0.267442 0.085185
2 0.576744 0.381481 0.139535 0.103704
2 0.698837 0.381481 0.109302 0.096296
2 0.826744 0.383333 0.146512 0.085185
3 0.726744 0.572222 0.211628 0.092593
4 0.643023 0.661111 0.062791 0.077778
4 0.731395 0.670370 0.113953 0.081481
4 0.843023 0.672222 0.109302 0.085185
4 0.466279 0.762963 0.141860 0.088889
4 0.582558 0.759259 0.086047 0.088889
4 0.670930 0.766667 0.086047 0.088889
4 0.747674 0.762963 0.062791 0.081481
4 0.829070 0.764815 0.100000 0.085185
4 0.809302 0.850000 0.111628 0.077778
4 0.393023 0.929630 0.069767 0.074074
4 0.476744 0.931481 0.102326 0.077778
4 0.590698 0.937037 0.125581 0.088889
4 0.704651 0.938889 0.097674 0.085185
4 0.802326 0.937037 0.097674 0.081481
4 0.882558 0.933333 0.062791 0.081481
4 0.954651 0.937037 0.076744 0.081481
