0 0.177907 0.655556 0.230233 0.459259
1 0.696512 0.290741 0.374419 0.100000
2 0.489535 0.405556 0.104651 0.092593
2 0.602326 0.405556 0.116279 0.092593
2 0.734884 0.414815 0.148837 0.103704
3 0.684884 0.575926 0.300000 0.100000
4 0.627907 0.659259 0.144186 0.081481
4 0.796512 0.668519 0.183721 0.100000
4 0.458140 0.744444 0.125581 0.088889
4 0.608140 0.742593 0.160465 0.100000
4 0.753488 0.744444 0.106977 0.088889
4 0.890698 0.755556 0.153488 0.103704
4 0.690698 0.831481 0.102326 0.085185
4 0.838372 0.840741 0.165116 0.096296
4 0.529070 0.916667 0.193023 0.100000
4 0.691860 0.914815 0.100000 0.088889
4 0.823256 0.914815 0.120930 0.088889
