0 0.165116 0.653704 0.232558 0.492593
1 0.679070 0.292593 0.358140 0.103704
2 0.548837 0.396296 0.186047 0.096296
2 0.703488 0.403704 0.095349 0.088889
2 0.804651 0.411111 0.074419 0.111111
3 0.716279 0.585185 0.311628 0.096296
4 0.670930 0.662963 0.109302 0.088889
4 0.783721 0.674074 0.083721 0.111111
4 0.586047 0.755556 0.153488 0.096296
4 0.743023 0.761111 0.123256 0.077778
4 0.727907 0.851852 0.153488 0.088889
4 0.908140 0.851852 0.169767 0.103704
4 0.440698 0.925926 0.104651 0.088889
4 0.536047 0.929630 0.053488 0.081481
4 0.626744 0.931481 0.113953 0.100000
4 0.754651 0.931481 0.100000 0.085185
4 0.896512 0.935185 0.137209 0.092593
