0 0.175581 0.653704 0.248837 0.485185
1 0.659302 0.287037 0.276744 0.077778
2 0.553488 0.385185 0.204651 0.103704
2 0.747674 0.374074 0.183721 0.096296
2 0.898837 0.375926 0.118605 0.092593
3 0.722093 0.557407 0.206977 0.092593
4 0.691860 0.651852 0.086047 0.074074
4 0.796512 0.657407 0.127907 0.085185
4 0.483721 0.738889 0.074419 0.092593
4 0.566279 0.744444 0.095349 0.081481
4 0.674419 0.746296 0.130233 0.085185
4 0.790698 0.744444 0.102326 0.088889
4 0.741860 0.825926 0.093023 0.074074
4 0.854651 0.829630 0.132558 0.081481
4 0.476744 0.914815 0.074419 0.081481
4 0.558140 0.911111 0.088372 0.081481
4 0.669767 0.907407 0.125581 0.088889
4 0.784884 0.909259 0.100000 0.085185
