0 0.170930 0.651852 0.230233 0.474074
1 0.653488 0.301852 0.265116 0.092593
2 0.587209 0.392593 0.132558 0.088889
2 0.708140 0.396296 0.118605 0.088889
2 0.829070 0.401852 0.118605 0.100000
3 0.725581 0.583333 0.209302 0.077778
4 0.712791 0.675926 0.058140 0.077778
4 0.786047 0.672222 0.093023 0.077778
4 0.551163 0.762963 0.088372 0.081481
4 0.643023 0.762963 0.095349 0.081481
4 0.726744 0.764815 0.062791 0.077778
4 0.817442 0.768519 0.118605 0.077778
4 0.768605 0.846296 0.109302 0.077778
4 0.863953 0.840741 0.086047 0.081481
4 0.409302 0.935185 0.069767 0.077778
4 0.489535 0.931481 0.090698 0.085185
4 0.577907 0.935185 0.086047 0.077778
4 0.667442 0.931481 0.093023 0.077778
4 0.753488 0.931481 0.069767 0.077778
4 0.840698 0.931481 0.113953 0.092593
