0 0.167442 0.655556 0.232558 0.474074
1 0.700000 0.288889 0.353488 0.111111
2 0.494186 0.401852 0.146512 0.085185
2 0.616279 0.403704 0.093023 0.088889
2 0.713953 0.403704 0.106977 0.088889
2 0.868605 0.398148 0.197674 0.100000
3 0.715116 0.587037 0.211628 0.077778
4 0.689535 0.679630 0.160465 0.092593
4 0.824419 0.675926 0.104651 0.085185
4 0.461628 0.768519 0.095349 0.077778
4 0.579070 0.772222 0.139535 0.092593
4 0.695349 0.762963 0.093023 0.088889
4 0.793023 0.766667 0.102326 0.081481
4 0.746512 0.857407 0.162791 0.092593
4 0.876744 0.853704 0.102326 0.085185
4 0.456977 0.938889 0.095349 0.085185
4 0.573256 0.942593 0.137209 0.092593
4 0.691860 0.940741 0.095349 0.081481
4 0.787209 0.942593 0.100000 0.085185
