0 0.175581 0.655556 0.239535 0.503704
1 0.697674 0.300000 0.367442 0.096296
2 0.567442 0.388889 0.083721 0.096296
2 0.670930 0.400000 0.109302 0.103704
2 0.804651 0.398148 0.153488 0.100000
3 0.731395 0.579630 0.206977 0.077778
4 0.774419 0.670370 0.116279 0.066667
4 0.872093 0.670370 0.079070 0.081481
4 0.556977 0.759259 0.067442 0.074074
4 0.653488 0.762963 0.116279 0.081481
4 0.756977 0.759259 0.090698 0.074074
4 0.852326 0.761111 0.104651 0.085185
4 0.775581 0.844444 0.118605 0.074074
4 0.874419 0.840741 0.088372 0.081481
4 0.566279 0.931481 0.067442 0.070370
4 0.659302 0.929630 0.118605 0.081481
4 0.765116 0.927778 0.093023 0.070370
4 0.861628 0.927778 0.104651 0.077778
