0 0.169767 0.657407 0.237209 0.500000
1 0.674419 0.298148 0.348837 0.100000
2 0.544186 0.392593 0.074419 0.088889
2 0.646512 0.390741 0.088372 0.092593
2 0.772093 0.392593 0.139535 0.081481
3 0.730233 0.579630 0.274419 0.100000
4 0.726744 0.668519 0.151163 0.092593
4 0.890698 0.679630 0.125581 0.092593
4 0.446512 0.742593 0.093023 0.092593
4 0.556977 0.746296 0.095349 0.085185
4 0.637209 0.757407 0.032558 0.040741
4 0.733721 0.750000 0.151163 0.092593
4 0.903488 0.759259 0.155814 0.081481
4 0.729070 0.838889 0.155814 0.085185
4 0.888372 0.838889 0.130233 0.085185
4 0.448837 0.918519 0.097674 0.096296
4 0.558140 0.924074 0.097674 0.077778
4 0.641860 0.931481 0.037209 0.040741
4 0.730233 0.924074 0.148837 0.100000
4 0.902326 0.929630 0.158140 0.088889
