0 0.180233 0.655556 0.230233 0.481481
1 0.688372 0.292593 0.367442 0.096296
2 0.541860 0.394444 0.176744 0.085185
2 0.683721 0.390741 0.106977 0.100000
2 0.804651 0.396296 0.144186 0.096296
3 0.719767 0.588889 0.197674 0.081481
4 0.702326 0.675926 0.134884 0.085185
4 0.810465 0.668519 0.086047 0.085185
4 0.467442 0.761111 0.130233 0.092593
4 0.586047 0.759259 0.116279 0.088889
4 0.713953 0.764815 0.130233 0.085185
4 0.822093 0.759259 0.095349 0.088889
4 0.758140 0.844444 0.134884 0.088889
4 0.865116 0.846296 0.083721 0.085185
4 0.459302 0.933333 0.137209 0.088889
4 0.582558 0.929630 0.118605 0.081481
4 0.705814 0.938889 0.132558 0.085185
4 0.819767 0.933333 0.095349 0.081481
