0 0.188372 0.659259 0.232558 0.466667
1 0.652326 0.298148 0.276744 0.092593
2 0.587209 0.400000 0.193023 0.103704
2 0.746512 0.394444 0.116279 0.092593
2 0.858140 0.394444 0.106977 0.085185
3 0.718605 0.572222 0.200000 0.085185
4 0.682558 0.657407 0.086047 0.077778
4 0.789535 0.659259 0.127907 0.074074
4 0.562791 0.744444 0.055814 0.059259
4 0.645349 0.746296 0.109302 0.092593
4 0.740698 0.742593 0.086047 0.085185
4 0.826744 0.744444 0.086047 0.081481
4 0.903488 0.744444 0.072093 0.081481
4 0.750000 0.824074 0.118605 0.077778
4 0.843023 0.825926 0.067442 0.081481
4 0.900000 0.827778 0.037209 0.062963
4 0.409302 0.898148 0.083721 0.077778
4 0.512791 0.898148 0.123256 0.085185
4 0.600000 0.901852 0.041860 0.070370
4 0.682558 0.905556 0.104651 0.085185
4 0.780233 0.903704 0.086047 0.096296
4 0.866279 0.907407 0.076744 0.074074
4 0.939535 0.907407 0.074419 0.081481
