0 0.172093 0.662963 0.241860 0.533333
1 0.616279 0.320370 0.265116 0.092593
2 0.531395 0.411111 0.141860 0.096296
2 0.658140 0.422222 0.116279 0.081481
2 0.794186 0.416667 0.151163 0.092593
3 0.683721 0.601852 0.209302 0.085185
4 0.630233 0.694444 0.069767 0.070370
4 0.715116 0.698148 0.095349 0.070370
4 0.800000 0.700000 0.079070 0.074074
4 0.424419 0.787037 0.137209 0.077778
4 0.537209 0.787037 0.093023 0.085185
4 0.647674 0.787037 0.123256 0.077778
4 0.775581 0.792593 0.132558 0.088889
4 0.676744 0.868519 0.065116 0.070370
4 0.769767 0.870370 0.097674 0.074074
4 0.865116 0.875926 0.088372 0.077778
4 0.415116 0.957407 0.123256 0.085185
4 0.533721 0.953704 0.095349 0.085185
4 0.641860 0.959259 0.116279 0.081481
4 0.766279 0.959259 0.127907 0.081481
