0 0.175581 0.672222 0.225581 0.462963
1 0.659302 0.318519 0.262791 0.096296
2 0.441860 0.511111 0.144186 0.081481
2 0.559302 0.509259 0.086047 0.085185
2 0.662791 0.503704 0.116279 0.096296
2 0.820930 0.505556 0.190698 0.092593
3 0.726744 0.598148 0.206977 0.077778
4 0.673256 0.683333 0.058140 0.070370
4 0.763953 0.687037 0.104651 0.077778
4 0.844186 0.683333 0.065116 0.077778
4 0.466279 0.775926 0.062791 0.077778
3 0.558140 0.779630 0.116279 0.085185
3 0.690698 0.775926 0.139535 0.085185
3 0.809302 0.774074 0.097674 0.088889
3 0.731395 0.853704 0.062791 0.070370
3 0.819767 0.861111 0.109302 0.077778
3 0.904651 0.853704 0.060465 0.085185
3 0.462791 0.940741 0.060465 0.081481
3 0.554651 0.942593 0.123256 0.085185
3 0.687209 0.944444 0.137209 0.081481
3 0.805814 0.940741 0.104651 0.081481
