0 0.183721 0.674074 0.241860 0.466667
1 0.653488 0.309259 0.255814 0.077778
2 0.501163 0.424074 0.132558 0.085185
2 0.643023 0.414815 0.137209 0.081481
2 0.793023 0.412963 0.162791 0.085185
3 0.725581 0.575926 0.200000 0.077778
4 0.674419 0.662963 0.097674 0.081481
4 0.776744 0.661111 0.093023 0.085185
4 0.523256 0.750000 0.074419 0.077778
4 0.604651 0.750000 0.083721 0.085185
4 0.683721 0.827778 0.097674 0.085185
4 0.777907 0.824074 0.100000 0.092593
4 0.612791 0.924074 0.076744 0.085185
4 0.690698 0.918519 0.083721 0.074074
