0 0.173256 0.657407 0.225581 0.462963
1 0.686047 0.309259 0.348837 0.100000
2 0.567442 0.401852 0.176744 0.092593
2 0.713953 0.418519 0.088372 0.103704
2 0.823256 0.409259 0.097674 0.092593
3 0.717442 0.581481 0.267442 0.096296
4 0.456977 0.742593 0.123256 0.092593
4 0.586047 0.738889 0.125581 0.107407
4 0.746512 0.738889 0.158140 0.100000
4 0.880233 0.738889 0.104651 0.092593
4 0.732558 0.825926 0.134884 0.088889
4 0.882558 0.831481 0.151163 0.092593
4 0.454651 0.916667 0.132558 0.092593
4 0.588372 0.918519 0.125581 0.103704
4 0.750000 0.920370 0.155814 0.092593
4 0.886047 0.912963 0.106977 0.092593
