0 0.170930 0.662963 0.244186 0.503704
1 0.653488 0.301852 0.265116 0.085185
2 0.512791 0.398148 0.155814 0.092593
2 0.684884 0.407407 0.188372 0.096296
2 0.866279 0.409259 0.179070 0.085185
3 0.723256 0.585185 0.102326 0.074074
4 0.679070 0.670370 0.116279 0.096296
4 0.782558 0.666667 0.090698 0.081481
4 0.851163 0.674074 0.046512 0.066667
4 0.589535 0.757407 0.100000 0.085185
4 0.687209 0.762963 0.095349 0.088889
4 0.759302 0.759259 0.058140 0.074074
4 0.855814 0.762963 0.120930 0.088889
4 0.736047 0.846296 0.104651 0.077778
4 0.838372 0.846296 0.100000 0.077778
4 0.912791 0.850000 0.048837 0.070370
4 0.932558 0.933333 0.120930 0.096296
4 0.840698 0.924074 0.067442 0.077778
4 0.765116 0.925926 0.088372 0.081481
4 0.675581 0.924074 0.086047 0.092593
4 0.611628 0.920370 0.041860 0.070370
4 0.540698 0.918519 0.100000 0.074074
4 0.439535 0.922222 0.111628 0.074074
