0 0.181395 0.650000 0.227907 0.470370
1 0.723256 0.283333 0.348837 0.107407
2 0.548837 0.398148 0.200000 0.092593
2 0.704651 0.398148 0.116279 0.085185
2 0.822093 0.398148 0.118605 0.085185
3 0.690698 0.585185 0.195349 0.066667
4 0.677907 0.672222 0.067442 0.077778
4 0.753488 0.670370 0.074419 0.081481
4 0.459302 0.753704 0.090698 0.077778
4 0.561628 0.759259 0.104651 0.081481
4 0.666279 0.759259 0.095349 0.081481
4 0.753488 0.757407 0.079070 0.070370
4 0.725581 0.842593 0.093023 0.077778
4 0.819767 0.840741 0.090698 0.074074
4 0.459302 0.922222 0.090698 0.081481
4 0.558140 0.925926 0.102326 0.088889
4 0.662791 0.924074 0.097674 0.077778
4 0.751163 0.924074 0.079070 0.077778
