0 0.170930 0.661111 0.253488 0.500000
1 0.655814 0.298148 0.260465 0.085185
2 0.541860 0.396296 0.065116 0.088889
2 0.666279 0.396296 0.183721 0.088889
2 0.830233 0.394444 0.148837 0.092593
3 0.726744 0.579630 0.202326 0.085185
4 0.684884 0.668519 0.081395 0.077778
4 0.790698 0.668519 0.134884 0.077778
4 0.693023 0.837037 0.111628 0.081481
4 0.815116 0.842593 0.132558 0.085185
4 0.908140 0.838889 0.053488 0.085185
4 0.951163 0.837037 0.037209 0.081481
4 0.369767 0.933333 0.106977 0.081481
4 0.475581 0.931481 0.109302 0.085185
4 0.560465 0.931481 0.065116 0.085185
4 0.638372 0.927778 0.090698 0.092593
4 0.717442 0.924074 0.062791 0.085185
4 0.777907 0.922222 0.062791 0.088889
4 0.841860 0.927778 0.074419 0.085185
4 0.930233 0.922222 0.102326 0.081481
