0 0.177907 0.657407 0.225581 0.462963
1 0.648837 0.311111 0.265116 0.081481
2 0.495349 0.416667 0.120930 0.092593
2 0.634884 0.414815 0.153488 0.088889
2 0.804651 0.411111 0.190698 0.103704
3 0.687209 0.587037 0.202326 0.085185
4 0.622093 0.672222 0.062791 0.085185
4 0.706977 0.674074 0.102326 0.074074
4 0.719767 0.850000 0.086047 0.085185
4 0.793023 0.838889 0.065116 0.092593
4 0.847674 0.844444 0.034884 0.081481
4 0.230233 0.964815 0.079070 0.070370
4 0.312791 0.955556 0.090698 0.088889
4 0.393023 0.957407 0.079070 0.085185
4 0.482558 0.953704 0.095349 0.077778
4 0.600000 0.953704 0.130233 0.085185
4 0.696512 0.948148 0.067442 0.066667
4 0.772093 0.951852 0.069767 0.074074
4 0.844186 0.948148 0.074419 0.074074
