0 0.158140 0.651852 0.246512 0.511111
1 0.715116 0.274074 0.355814 0.096296
2 0.539535 0.385185 0.074419 0.103704
2 0.636047 0.387037 0.095349 0.092593
2 0.762791 0.390741 0.134884 0.085185
3 0.676744 0.566667 0.297674 0.088889
4 0.648837 0.657407 0.130233 0.092593
4 0.777907 0.657407 0.100000 0.092593
4 0.460465 0.751852 0.088372 0.111111
4 0.591860 0.742593 0.127907 0.100000
4 0.738372 0.759259 0.127907 0.088889
4 0.661628 0.774074 0.020930 0.044444
4 0.868605 0.753704 0.104651 0.085185
4 0.676744 0.833333 0.130233 0.081481
4 0.805814 0.837037 0.104651 0.074074
4 0.465116 0.940741 0.097674 0.103704
4 0.597674 0.937037 0.139535 0.096296
4 0.738372 0.946296 0.132558 0.100000
4 0.867442 0.944444 0.106977 0.088889
