0 0.174419 0.677778 0.223256 0.451852
1 0.648837 0.318519 0.265116 0.074074
2 0.594186 0.416667 0.072093 0.100000
2 0.668605 0.414815 0.086047 0.096296
2 0.768605 0.405556 0.113953 0.092593
3 0.722093 0.585185 0.211628 0.088889
4 0.398837 0.781481 0.100000 0.081481
4 0.493023 0.783333 0.093023 0.092593
4 0.588372 0.770370 0.097674 0.081481
4 0.702326 0.768519 0.130233 0.085185
4 0.803488 0.759259 0.062791 0.088889
4 0.882558 0.753704 0.100000 0.100000
4 0.393023 0.950000 0.102326 0.077778
4 0.488372 0.950000 0.102326 0.085185
4 0.581395 0.942593 0.097674 0.092593
4 0.696512 0.935185 0.137209 0.092593
4 0.802326 0.927778 0.065116 0.085185
4 0.876744 0.924074 0.097674 0.092593
