0 0.159302 0.672222 0.248837 0.514815
1 0.656977 0.283333 0.276744 0.085185
2 0.540698 0.390741 0.202326 0.092593
2 0.706977 0.387037 0.134884 0.100000
2 0.870930 0.398148 0.188372 0.114815
3 0.730233 0.587037 0.213953 0.077778
4 0.668605 0.675926 0.076744 0.077778
4 0.746512 0.679630 0.079070 0.070370
4 0.836047 0.677778 0.104651 0.088889
4 0.426744 0.777778 0.141860 0.088889
4 0.538372 0.777778 0.081395 0.081481
4 0.629070 0.775926 0.100000 0.077778
4 0.748837 0.775926 0.130233 0.085185
4 0.863953 0.775926 0.100000 0.085185
4 0.719767 0.855556 0.072093 0.081481
4 0.797674 0.861111 0.079070 0.077778
4 0.883721 0.862963 0.093023 0.088889
4 0.422093 0.951852 0.137209 0.088889
4 0.530233 0.948148 0.079070 0.088889
4 0.622093 0.951852 0.100000 0.088889
4 0.738372 0.953704 0.132558 0.092593
4 0.859302 0.951852 0.104651 0.096296
