0 0.169767 0.653704 0.227907 0.492593
1 0.698837 0.281481 0.272093 0.088889
2 0.548837 0.375926 0.093023 0.092593
2 0.634884 0.381481 0.088372 0.088889
2 0.731395 0.379630 0.109302 0.085185
2 0.848837 0.381481 0.120930 0.096296
3 0.786047 0.568519 0.200000 0.077778
4 0.631395 0.738889 0.090698 0.077778
4 0.731395 0.748148 0.104651 0.088889
4 0.831395 0.742593 0.086047 0.070370
4 0.923256 0.742593 0.093023 0.085185
4 0.704651 0.838889 0.125581 0.070370
4 0.822093 0.844444 0.095349 0.074074
4 0.923256 0.838889 0.106977 0.085185
4 0.598837 0.924074 0.067442 0.077778
4 0.682558 0.924074 0.104651 0.085185
4 0.802326 0.920370 0.130233 0.085185
4 0.920930 0.922222 0.106977 0.081481
