0 0.173256 0.661111 0.220930 0.470370
1 0.679070 0.285185 0.362791 0.118519
2 0.561628 0.387037 0.183721 0.092593
2 0.718605 0.400000 0.093023 0.103704
2 0.854651 0.403704 0.137209 0.111111
3 0.702326 0.553704 0.316279 0.100000
4 0.690698 0.651852 0.097674 0.088889
4 0.818605 0.648148 0.125581 0.081481
4 0.374419 0.735185 0.102326 0.092593
4 0.484884 0.740741 0.086047 0.088889
4 0.590698 0.735185 0.116279 0.092593
4 0.748837 0.742593 0.158140 0.092593
4 0.906977 0.740741 0.125581 0.081481
4 0.674419 0.829630 0.120930 0.081481
4 0.840698 0.831481 0.174419 0.085185
4 0.967442 0.838889 0.060465 0.085185
4 0.374419 0.916667 0.093023 0.100000
4 0.489535 0.907407 0.095349 0.088889
4 0.587209 0.911111 0.062791 0.081481
4 0.703488 0.907407 0.132558 0.088889
4 0.801163 0.912963 0.039535 0.077778
2 0.891860 0.918519 0.100000 0.088889
