0 0.156977 0.659259 0.234884 0.503704
1 0.655814 0.288889 0.265116 0.088889
2 0.570930 0.379630 0.081395 0.092593
2 0.665116 0.385185 0.106977 0.096296
2 0.796512 0.387037 0.146512 0.092593
3 0.724419 0.579630 0.202326 0.077778
4 0.686047 0.668519 0.079070 0.070370
4 0.794186 0.675926 0.132558 0.092593
4 0.465116 0.766667 0.130233 0.081481
4 0.590698 0.762963 0.125581 0.081481
4 0.686047 0.762963 0.065116 0.081481
4 0.759302 0.762963 0.081395 0.074074
4 0.843023 0.764815 0.081395 0.077778
4 0.795349 0.853704 0.083721 0.085185
4 0.855814 0.853704 0.037209 0.077778
4 0.317442 0.940741 0.081395 0.081481
4 0.429070 0.944444 0.141860 0.088889
4 0.569767 0.946296 0.134884 0.085185
4 0.697674 0.938889 0.125581 0.077778
4 0.794186 0.942593 0.062791 0.077778
4 0.869767 0.938889 0.083721 0.077778
4 0.951163 0.937037 0.083721 0.081481
