0 0.180233 0.651852 0.239535 0.496296
2 0.550000 0.403704 0.183721 0.096296
2 0.703488 0.401852 0.104651 0.092593
2 0.858140 0.409259 0.176744 0.107407
3 0.691860 0.575926 0.300000 0.092593
4 0.622093 0.666667 0.100000 0.074074
4 0.736047 0.662963 0.113953 0.088889
4 0.484884 0.750000 0.104651 0.092593
4 0.596512 0.748148 0.104651 0.081481
4 0.677907 0.755556 0.044186 0.059259
4 0.759302 0.750000 0.095349 0.100000
4 0.877907 0.761111 0.095349 0.092593
4 0.704651 0.833333 0.102326 0.074074
4 0.815116 0.827778 0.100000 0.085185
4 0.480233 0.911111 0.095349 0.081481
4 0.591860 0.916667 0.104651 0.085185
4 0.675581 0.922222 0.044186 0.044444
4 0.759302 0.911111 0.100000 0.088889
4 0.869767 0.924074 0.093023 0.107407
