0 0.173256 0.642593 0.244186 0.477778
1 0.654651 0.275926 0.267442 0.092593
2 0.581395 0.372222 0.069767 0.092593
2 0.681395 0.375926 0.134884 0.092593
2 0.802326 0.385185 0.102326 0.088889
3 0.725581 0.562963 0.200000 0.088889
4 0.574419 0.638889 0.069767 0.077778
4 0.648837 0.644444 0.079070 0.074074
4 0.738372 0.653704 0.095349 0.085185
4 0.812791 0.653704 0.058140 0.085185
4 0.470930 0.731481 0.062791 0.077778
4 0.558140 0.735185 0.125581 0.085185
4 0.688372 0.742593 0.125581 0.077778
4 0.798837 0.744444 0.090698 0.081481
4 0.673256 0.818519 0.062791 0.074074
4 0.746512 0.824074 0.083721 0.077778
4 0.823256 0.820370 0.065116 0.085185
4 0.516279 0.896296 0.083721 0.074074
4 0.594186 0.900000 0.067442 0.066667
4 0.673256 0.903704 0.076744 0.074074
4 0.756977 0.907407 0.090698 0.081481
