0 0.179070 0.664815 0.237209 0.470370
1 0.625581 0.325926 0.255814 0.096296
2 0.548837 0.420370 0.181395 0.085185
2 0.688372 0.424074 0.083721 0.092593
2 0.806977 0.422222 0.148837 0.103704
3 0.697674 0.598148 0.209302 0.085185
4 0.629070 0.683333 0.053488 0.085185
4 0.715116 0.694444 0.109302 0.085185
4 0.806977 0.687037 0.093023 0.085185
4 0.400000 0.779630 0.130233 0.092593
4 0.512791 0.775926 0.100000 0.085185
4 0.603488 0.774074 0.095349 0.081481
4 0.704651 0.779630 0.106977 0.092593
4 0.831395 0.779630 0.132558 0.092593
4 0.682558 0.855556 0.058140 0.066667
4 0.768605 0.861111 0.109302 0.092593
4 0.862791 0.859259 0.083721 0.074074
4 0.395349 0.938889 0.130233 0.092593
4 0.510465 0.938889 0.095349 0.077778
4 0.600000 0.940741 0.088372 0.088889
4 0.704651 0.940741 0.116279 0.081481
4 0.831395 0.942593 0.132558 0.085185
