0 0.175581 0.655556 0.234884 0.503704
1 0.670930 0.277778 0.346512 0.088889
2 0.534884 0.366667 0.079070 0.103704
2 0.631395 0.388889 0.090698 0.103704
2 0.726744 0.392593 0.067442 0.118519
2 0.845349 0.385185 0.127907 0.103704
3 0.774419 0.570370 0.274419 0.096296
4 0.696512 0.659259 0.123256 0.096296
4 0.812791 0.650000 0.081395 0.092593
4 0.711628 0.829630 0.158140 0.088889
4 0.853488 0.831481 0.102326 0.077778
4 0.946512 0.829630 0.093023 0.103704
4 0.374419 0.924074 0.111628 0.085185
4 0.511628 0.920370 0.148837 0.122222
4 0.641860 0.918519 0.069767 0.088889
4 0.679070 0.940741 0.032558 0.044444
4 0.598837 0.935185 0.034884 0.033333
4 0.772093 0.918519 0.153488 0.103704
4 0.930233 0.927778 0.139535 0.107407
