0 0.168605 0.666667 0.230233 0.496296
1 0.634884 0.279630 0.260465 0.085185
2 0.570930 0.377778 0.076744 0.096296
2 0.651163 0.381481 0.088372 0.088889
2 0.753488 0.379630 0.111628 0.092593
3 0.700000 0.562963 0.209302 0.088889
4 0.625581 0.655556 0.060465 0.074074
4 0.715116 0.657407 0.123256 0.077778
4 0.815116 0.657407 0.076744 0.077778
4 0.424419 0.753704 0.127907 0.085185
4 0.523256 0.742593 0.079070 0.077778
4 0.617442 0.746296 0.113953 0.085185
4 0.715116 0.744444 0.081395 0.081481
4 0.813953 0.748148 0.125581 0.088889
4 0.686047 0.835185 0.065116 0.077778
4 0.755814 0.833333 0.074419 0.074074
4 0.851163 0.835185 0.106977 0.085185
4 0.412791 0.922222 0.127907 0.088889
4 0.516279 0.916667 0.079070 0.077778
4 0.613953 0.922222 0.116279 0.081481
4 0.709302 0.920370 0.074419 0.085185
4 0.805814 0.922222 0.118605 0.096296
