0 0.174419 0.655556 0.237209 0.503704
1 0.652326 0.294444 0.262791 0.092593
2 0.591860 0.387037 0.081395 0.092593
2 0.676744 0.394444 0.088372 0.085185
2 0.786047 0.400000 0.130233 0.081481
3 0.720930 0.583333 0.200000 0.077778
4 0.703488 0.668519 0.095349 0.070370
4 0.803488 0.668519 0.100000 0.077778
4 0.763953 0.848148 0.109302 0.081481
4 0.863953 0.851852 0.086047 0.081481
4 0.459302 0.920370 0.165116 0.077778
4 0.582558 0.924074 0.086047 0.085185
4 0.670930 0.925926 0.090698 0.074074
4 0.760465 0.929630 0.093023 0.081481
4 0.865116 0.938889 0.106977 0.085185
4 0.954651 0.933333 0.076744 0.081481
