0 0.167442 0.664815 0.218605 0.485185
1 0.646512 0.285185 0.265116 0.088889
2 0.593023 0.379630 0.144186 0.092593
2 0.709302 0.383333 0.083721 0.085185
2 0.810465 0.377778 0.113953 0.096296
3 0.716279 0.570370 0.204651 0.081481
4 0.645349 0.668519 0.132558 0.085185
4 0.753488 0.655556 0.079070 0.081481
4 0.853488 0.662963 0.116279 0.074074
4 0.706977 0.757407 0.097674 0.077778
4 0.796512 0.751852 0.081395 0.081481
4 0.687209 0.837037 0.062791 0.074074
4 0.756977 0.833333 0.081395 0.074074
4 0.870930 0.838889 0.151163 0.085185
4 0.463953 0.935185 0.123256 0.092593
4 0.562791 0.931481 0.060465 0.077778
4 0.623256 0.929630 0.065116 0.074074
4 0.700000 0.920370 0.079070 0.077778
4 0.803488 0.927778 0.109302 0.085185
