0 0.170930 0.659259 0.234884 0.503704
1 0.630233 0.305556 0.274419 0.077778
2 0.520930 0.400000 0.209302 0.096296
2 0.665116 0.405556 0.083721 0.092593
2 0.770930 0.405556 0.113953 0.092593
2 0.883721 0.405556 0.111628 0.092593
3 0.697674 0.587037 0.200000 0.085185
4 0.670930 0.681481 0.086047 0.081481
4 0.766279 0.679630 0.109302 0.085185
4 0.670930 0.851852 0.109302 0.088889
4 0.794186 0.850000 0.137209 0.092593
4 0.886047 0.848148 0.051163 0.074074
4 0.930233 0.851852 0.041860 0.081481
4 0.361628 0.935185 0.072093 0.077778
4 0.450000 0.931481 0.104651 0.077778
4 0.534884 0.925926 0.065116 0.074074
4 0.609302 0.933333 0.088372 0.096296
4 0.691860 0.929630 0.062791 0.066667
4 0.756977 0.933333 0.062791 0.081481
4 0.823256 0.933333 0.074419 0.081481
4 0.911628 0.931481 0.102326 0.077778
