0 0.169767 0.666667 0.232558 0.503704
1 0.681395 0.288889 0.353488 0.096296
2 0.538372 0.390741 0.188372 0.092593
2 0.698837 0.407407 0.100000 0.103704
2 0.812791 0.403704 0.095349 0.096296
3 0.740698 0.579630 0.300000 0.100000
4 0.748837 0.668519 0.130233 0.092593
4 0.874419 0.672222 0.106977 0.085185
4 0.432558 0.753704 0.074419 0.092593
4 0.572093 0.764815 0.176744 0.107407
4 0.744186 0.764815 0.134884 0.100000
4 0.860465 0.762963 0.083721 0.081481
4 0.750000 0.848148 0.123256 0.081481
4 0.879070 0.853704 0.106977 0.077778
4 0.433721 0.935185 0.081395 0.092593
4 0.569767 0.944444 0.181395 0.103704
4 0.750000 0.940741 0.137209 0.111111
4 0.863953 0.931481 0.081395 0.085185
