0 0.179070 0.648148 0.223256 0.481481
1 0.629070 0.285185 0.276744 0.081481
2 0.556977 0.379630 0.123256 0.085185
2 0.668605 0.379630 0.095349 0.085185
2 0.795349 0.385185 0.167442 0.096296
3 0.711628 0.561111 0.223256 0.077778
4 0.680233 0.653704 0.090698 0.085185
4 0.787209 0.651852 0.123256 0.081481
4 0.752326 0.827778 0.062791 0.085185
4 0.830233 0.816667 0.093023 0.085185
4 0.417442 0.911111 0.067442 0.081481
4 0.479070 0.905556 0.055814 0.077778
4 0.545349 0.905556 0.076744 0.085185
4 0.618605 0.903704 0.074419 0.074074
4 0.704651 0.905556 0.093023 0.077778
4 0.817442 0.907407 0.137209 0.088889
