0 0.169767 0.664815 0.237209 0.485185
1 0.645349 0.307407 0.272093 0.088889
2 0.565116 0.405556 0.181395 0.092593
2 0.698837 0.403704 0.086047 0.088889
2 0.818605 0.392593 0.148837 0.088889
3 0.702326 0.587037 0.218605 0.077778
4 0.656977 0.677778 0.127907 0.088889
4 0.774419 0.674074 0.120930 0.081481
4 0.712791 0.846296 0.165116 0.077778
4 0.854651 0.842593 0.113953 0.085185
4 0.324419 0.940741 0.076744 0.074074
4 0.410465 0.942593 0.090698 0.085185
4 0.487209 0.938889 0.062791 0.085185
4 0.573256 0.935185 0.104651 0.092593
4 0.646512 0.940741 0.041860 0.081481
4 0.698837 0.931481 0.067442 0.077778
4 0.767442 0.929630 0.069767 0.074074
4 0.836047 0.929630 0.076744 0.081481
4 0.930233 0.938889 0.116279 0.085185
