0 0.167442 0.664815 0.232558 0.485185
1 0.672093 0.281481 0.255814 0.088889
2 0.646512 0.372222 0.204651 0.092593
2 0.788372 0.375926 0.074419 0.092593
2 0.863953 0.383333 0.076744 0.092593
3 0.744186 0.570370 0.218605 0.074074
4 0.650000 0.655556 0.081395 0.074074
4 0.751163 0.659259 0.120930 0.081481
4 0.872093 0.657407 0.120930 0.085185
4 0.501163 0.759259 0.127907 0.088889
4 0.613953 0.757407 0.102326 0.092593
4 0.711628 0.751852 0.083721 0.088889
4 0.817442 0.751852 0.127907 0.088889
4 0.734884 0.833333 0.055814 0.074074
4 0.817442 0.838889 0.104651 0.085185
4 0.905814 0.833333 0.081395 0.081481
4 0.495349 0.933333 0.125581 0.081481
4 0.610465 0.933333 0.100000 0.081481
4 0.706977 0.924074 0.083721 0.070370
4 0.813953 0.925926 0.120930 0.081481
