0 0.170930 0.668519 0.253488 0.514815
1 0.662791 0.292593 0.269767 0.088889
2 0.588372 0.392593 0.204651 0.103704
2 0.748837 0.390741 0.111628 0.085185
2 0.867442 0.390741 0.120930 0.085185
3 0.726744 0.570370 0.220930 0.088889
4 0.694186 0.659259 0.109302 0.081481
4 0.806977 0.659259 0.116279 0.088889
4 0.765116 0.829630 0.083721 0.074074
4 0.848837 0.835185 0.083721 0.085185
4 0.408140 0.922222 0.081395 0.066667
4 0.496512 0.922222 0.086047 0.066667
4 0.591860 0.916667 0.086047 0.070370
4 0.672093 0.911111 0.069767 0.081481
4 0.753488 0.916667 0.083721 0.077778
4 0.855814 0.920370 0.111628 0.077778
