0 0.169767 0.662963 0.246512 0.481481
1 0.689535 0.274074 0.346512 0.096296
2 0.531395 0.403704 0.081395 0.103704
2 0.611628 0.403704 0.079070 0.103704
2 0.709302 0.400000 0.102326 0.111111
3 0.706977 0.577778 0.283721 0.088889
4 0.683721 0.672222 0.088372 0.092593
4 0.797674 0.662963 0.088372 0.096296
4 0.459302 0.755556 0.090698 0.088889
4 0.583721 0.751852 0.144186 0.103704
4 0.739535 0.755556 0.158140 0.074074
4 0.880233 0.753704 0.100000 0.085185
4 0.680233 0.842593 0.100000 0.077778
4 0.791860 0.838889 0.095349 0.092593
4 0.459302 0.924074 0.095349 0.077778
4 0.590698 0.924074 0.139535 0.100000
4 0.737209 0.924074 0.153488 0.077778
4 0.879070 0.924074 0.102326 0.085185
