0 0.172093 0.653704 0.223256 0.462963
1 0.658140 0.305556 0.255814 0.092593
2 0.553488 0.412963 0.088372 0.062963
2 0.668605 0.412963 0.146512 0.070370
3 0.655814 0.588889 0.176744 0.081481
4 0.624419 0.679630 0.062791 0.062963
4 0.686047 0.681481 0.055814 0.074074
4 0.743023 0.675926 0.053488 0.070370
4 0.468605 0.770370 0.072093 0.074074
4 0.559302 0.768519 0.109302 0.070370
4 0.675581 0.768519 0.113953 0.077778
4 0.773256 0.766667 0.086047 0.074074
4 0.726744 0.851852 0.109302 0.059259
4 0.804651 0.846296 0.046512 0.062963
4 0.840698 0.848148 0.025581 0.066667
4 0.441860 0.931481 0.069767 0.070370
4 0.533721 0.929630 0.109302 0.074074
4 0.650000 0.933333 0.113953 0.074074
4 0.746512 0.927778 0.083721 0.077778
