0 0.174419 0.657407 0.227907 0.462963
1 0.688372 0.301852 0.348837 0.092593
2 0.537209 0.409259 0.181395 0.085185
2 0.697674 0.409259 0.144186 0.092593
2 0.822093 0.405556 0.104651 0.092593
3 0.682558 0.592593 0.193023 0.074074
4 0.647674 0.677778 0.095349 0.081481
4 0.759302 0.677778 0.118605 0.081481
4 0.670930 0.842593 0.062791 0.092593
4 0.744186 0.846296 0.083721 0.085185
4 0.839535 0.848148 0.102326 0.088889
4 0.300000 0.927778 0.055814 0.077778
4 0.376744 0.931481 0.093023 0.077778
4 0.476744 0.935185 0.106977 0.077778
4 0.583721 0.931481 0.093023 0.077778
4 0.686047 0.929630 0.111628 0.081481
4 0.798837 0.931481 0.109302 0.085185
4 0.887209 0.927778 0.076744 0.077778
