0 0.176744 0.662963 0.232558 0.481481
1 0.646512 0.300000 0.260465 0.096296
2 0.425581 0.481481 0.144186 0.081481
2 0.541860 0.487037 0.083721 0.092593
2 0.672093 0.487037 0.176744 0.092593
2 0.836047 0.492593 0.141860 0.096296
3 0.715116 0.585185 0.202326 0.081481
4 0.695349 0.672222 0.088372 0.077778
4 0.784884 0.677778 0.095349 0.074074
4 0.758140 0.850000 0.074419 0.077778
4 0.830233 0.853704 0.065116 0.085185
4 0.461628 0.924074 0.086047 0.077778
4 0.553488 0.927778 0.093023 0.085185
4 0.646512 0.929630 0.088372 0.081481
4 0.756977 0.935185 0.127907 0.092593
