0 0.137209 0.675926 0.246512 0.529630
1 0.624419 0.294444 0.276744 0.085185
2 0.518605 0.388889 0.111628 0.088889
2 0.665116 0.394444 0.176744 0.092593
2 0.815116 0.388889 0.127907 0.088889
3 0.695349 0.579630 0.218605 0.100000
4 0.690698 0.674074 0.102326 0.081481
4 0.780233 0.674074 0.086047 0.088889
4 0.450000 0.772222 0.104651 0.085185
4 0.558140 0.772222 0.106977 0.085185
4 0.663953 0.766667 0.100000 0.081481
4 0.768605 0.766667 0.109302 0.088889
4 0.677907 0.857407 0.048837 0.085185
4 0.738372 0.853704 0.076744 0.092593
4 0.846512 0.857407 0.139535 0.092593
4 0.439535 0.948148 0.083721 0.074074
4 0.523256 0.946296 0.079070 0.085185
4 0.605814 0.948148 0.081395 0.074074
4 0.684884 0.944444 0.076744 0.074074
4 0.760465 0.942593 0.074419 0.070370
