0 0.181395 0.664815 0.223256 0.477778
1 0.644186 0.300000 0.265116 0.081481
2 0.537209 0.401852 0.204651 0.100000
2 0.688372 0.405556 0.093023 0.100000
2 0.797674 0.396296 0.134884 0.096296
2 0.918605 0.401852 0.088372 0.114815
3 0.720930 0.587037 0.209302 0.085185
4 0.702326 0.675926 0.069767 0.077778
4 0.781395 0.670370 0.088372 0.081481
4 0.439535 0.764815 0.060465 0.085185
4 0.512791 0.764815 0.086047 0.085185
4 0.611628 0.764815 0.111628 0.092593
4 0.719767 0.766667 0.090698 0.081481
4 0.820930 0.766667 0.106977 0.088889
4 0.710465 0.848148 0.072093 0.081481
4 0.810465 0.842593 0.127907 0.085185
4 0.897674 0.850000 0.037209 0.070370
4 0.380233 0.931481 0.067442 0.092593
4 0.462791 0.931481 0.088372 0.085185
4 0.547674 0.929630 0.058140 0.074074
4 0.622093 0.924074 0.090698 0.085185
4 0.720930 0.925926 0.111628 0.081481
4 0.830233 0.927778 0.097674 0.085185
4 0.927907 0.924074 0.102326 0.085185
