0 0.155814 0.650000 0.241860 0.477778
2 0.556977 0.403704 0.160465 0.096296
2 0.713953 0.403704 0.130233 0.103704
2 0.844186 0.412963 0.093023 0.085185
3 0.725581 0.581481 0.269767 0.096296
4 0.387209 0.750000 0.100000 0.100000
4 0.504651 0.753704 0.093023 0.085185
4 0.587209 0.762963 0.044186 0.051852
4 0.708140 0.755556 0.151163 0.088889
4 0.881395 0.766667 0.148837 0.096296
4 0.687209 0.846296 0.132558 0.085185
4 0.818605 0.848148 0.097674 0.096296
4 0.379070 0.924074 0.093023 0.100000
4 0.496512 0.929630 0.100000 0.088889
4 0.581395 0.944444 0.046512 0.037037
4 0.706977 0.938889 0.148837 0.100000
4 0.875581 0.948148 0.155814 0.096296
