0 0.159302 0.642593 0.234884 0.522222
1 0.684884 0.285185 0.360465 0.103704
2 0.489535 0.392593 0.127907 0.096296
2 0.624419 0.396296 0.090698 0.096296
2 0.756977 0.392593 0.123256 0.088889
3 0.632558 0.568519 0.274419 0.100000
4 0.663953 0.657407 0.127907 0.085185
4 0.834884 0.655556 0.153488 0.096296
4 0.720930 0.755556 0.125581 0.111111
4 0.795349 0.759259 0.027907 0.029630
4 0.846512 0.753704 0.065116 0.077778
4 0.523256 0.750000 0.181395 0.092593
4 0.362791 0.742593 0.097674 0.085185
4 0.723256 0.846296 0.134884 0.077778
4 0.884884 0.835185 0.146512 0.092593
4 0.361628 0.918519 0.100000 0.088889
4 0.517442 0.918519 0.179070 0.096296
4 0.717442 0.929630 0.132558 0.111111
4 0.796512 0.927778 0.034884 0.033333
4 0.843023 0.929630 0.067442 0.081481
