0 0.168605 0.670370 0.267442 0.548148
1 0.665116 0.294444 0.260465 0.077778
2 0.603488 0.392593 0.081395 0.081481
2 0.697674 0.394444 0.106977 0.085185
2 0.800000 0.396296 0.097674 0.096296
3 0.738372 0.585185 0.211628 0.081481
4 0.674419 0.672222 0.055814 0.070370
4 0.740698 0.674074 0.076744 0.074074
4 0.831395 0.675926 0.100000 0.077778
4 0.432558 0.762963 0.130233 0.081481
4 0.553488 0.764815 0.106977 0.085185
4 0.661628 0.764815 0.109302 0.085185
4 0.782558 0.761111 0.123256 0.077778
4 0.887209 0.762963 0.086047 0.081481
4 0.725581 0.846296 0.060465 0.070370
4 0.795349 0.846296 0.079070 0.070370
4 0.883721 0.848148 0.102326 0.081481
4 0.427907 0.931481 0.130233 0.077778
4 0.546512 0.929630 0.106977 0.081481
4 0.661628 0.925926 0.113953 0.081481
4 0.780233 0.925926 0.118605 0.074074
4 0.881395 0.927778 0.083721 0.070370
