0 0.163953 0.666667 0.253488 0.518519
1 0.653488 0.281481 0.283721 0.081481
2 0.532558 0.385185 0.186047 0.088889
2 0.716279 0.385185 0.181395 0.096296
2 0.887209 0.387037 0.151163 0.092593
3 0.729070 0.572222 0.220930 0.085185
4 0.659302 0.664815 0.048837 0.070370
4 0.725581 0.668519 0.079070 0.070370
4 0.817442 0.675926 0.109302 0.085185
4 0.394186 0.759259 0.062791 0.074074
4 0.479070 0.766667 0.106977 0.081481
4 0.570930 0.761111 0.072093 0.092593
4 0.632558 0.761111 0.046512 0.085185
4 0.702326 0.761111 0.093023 0.085185
4 0.825581 0.764815 0.158140 0.092593
4 0.717442 0.846296 0.053488 0.077778
4 0.779070 0.846296 0.079070 0.070370
4 0.870930 0.848148 0.104651 0.081481
4 0.397674 0.933333 0.055814 0.074074
4 0.479070 0.938889 0.106977 0.085185
4 0.570930 0.931481 0.076744 0.077778
4 0.629070 0.931481 0.044186 0.070370
4 0.696512 0.931481 0.090698 0.077778
4 0.824419 0.935185 0.160465 0.092593
