0 0.167442 0.655556 0.237209 0.503704
1 0.673256 0.292593 0.369767 0.111111
2 0.696512 0.392593 0.155814 0.103704
2 0.839535 0.403704 0.116279 0.111111
3 0.670930 0.566667 0.286047 0.111111
4 0.710465 0.735185 0.062791 0.107407
4 0.808140 0.740741 0.100000 0.118519
4 0.673256 0.831481 0.095349 0.085185
4 0.375581 0.918519 0.067442 0.088889
4 0.493023 0.916667 0.139535 0.100000
4 0.629070 0.918519 0.081395 0.088889
4 0.724419 0.929630 0.100000 0.118519
2 0.487209 0.387037 0.072093 0.085185
2 0.572093 0.383333 0.069767 0.092593
