0 0.184884 0.648148 0.220930 0.451852
1 0.641860 0.301852 0.237209 0.085185
2 0.523256 0.392593 0.190698 0.081481
2 0.709302 0.388889 0.176744 0.081481
2 0.877907 0.385185 0.160465 0.088889
3 0.713953 0.562963 0.200000 0.081481
4 0.665116 0.650000 0.144186 0.085185
4 0.769767 0.644444 0.069767 0.088889
4 0.845349 0.642593 0.081395 0.085185
4 0.463953 0.733333 0.058140 0.074074
4 0.529070 0.731481 0.067442 0.077778
4 0.615116 0.733333 0.100000 0.074074
4 0.702326 0.729630 0.069767 0.074074
4 0.784884 0.727778 0.100000 0.077778
4 0.717442 0.812963 0.151163 0.092593
4 0.833721 0.807407 0.086047 0.074074
4 0.908140 0.807407 0.062791 0.074074
4 0.458140 0.896296 0.060465 0.066667
4 0.524419 0.890741 0.067442 0.070370
4 0.610465 0.890741 0.100000 0.077778
4 0.696512 0.888889 0.076744 0.074074
4 0.784884 0.887037 0.100000 0.077778
