0 0.173256 0.666667 0.234884 0.518519
1 0.601163 0.298148 0.253488 0.092593
2 0.511628 0.401852 0.162791 0.085185
2 0.693023 0.398148 0.200000 0.092593
2 0.853488 0.398148 0.120930 0.092593
3 0.667442 0.581481 0.204651 0.074074
4 0.654651 0.668519 0.090698 0.077778
4 0.745349 0.662963 0.086047 0.074074
4 0.400000 0.753704 0.125581 0.085185
4 0.500000 0.751852 0.074419 0.074074
4 0.587209 0.753704 0.100000 0.085185
4 0.700000 0.751852 0.120930 0.074074
4 0.806977 0.750000 0.083721 0.077778
4 0.705814 0.835185 0.095349 0.077778
4 0.801163 0.838889 0.095349 0.077778
4 0.395349 0.920370 0.130233 0.085185
4 0.496512 0.916667 0.076744 0.077778
4 0.583721 0.916667 0.106977 0.077778
4 0.697674 0.916667 0.120930 0.077778
4 0.801163 0.916667 0.086047 0.077778
