0 0.175581 0.659259 0.234884 0.496296
2 0.582558 0.390741 0.202326 0.092593
2 0.729070 0.398148 0.086047 0.100000
2 0.833721 0.396296 0.118605 0.088889
1 0.675581 0.290741 0.351163 0.107407
3 0.703488 0.579630 0.206977 0.077778
4 0.690698 0.668519 0.088372 0.077778
4 0.775581 0.670370 0.081395 0.081481
4 0.676744 0.844444 0.116279 0.088889
4 0.772093 0.853704 0.060465 0.070370
4 0.870930 0.851852 0.137209 0.096296
4 0.441860 0.933333 0.139535 0.096296
4 0.546512 0.931481 0.060465 0.077778
4 0.611628 0.931481 0.065116 0.085185
4 0.680233 0.933333 0.062791 0.081481
4 0.748837 0.931481 0.065116 0.077778
4 0.820930 0.929630 0.074419 0.088889
4 0.910465 0.938889 0.104651 0.085185
