0 0.145349 0.653704 0.230233 0.492593
1 0.665116 0.287037 0.362791 0.092593
2 0.547674 0.396296 0.193023 0.103704
2 0.739535 0.405556 0.162791 0.107407
2 0.880233 0.394444 0.109302 0.100000
3 0.736047 0.572222 0.281395 0.077778
4 0.704651 0.657407 0.111628 0.085185
4 0.846512 0.659259 0.139535 0.103704
4 0.412791 0.748148 0.109302 0.081481
4 0.540698 0.750000 0.132558 0.107407
4 0.715116 0.755556 0.146512 0.103704
4 0.838372 0.755556 0.081395 0.074074
4 0.700000 0.838889 0.111628 0.077778
4 0.841860 0.840741 0.139535 0.096296
4 0.410465 0.920370 0.113953 0.085185
4 0.537209 0.929630 0.130233 0.096296
4 0.718605 0.933333 0.134884 0.103704
4 0.834884 0.931481 0.093023 0.077778
