0 0.180233 0.651852 0.220930 0.459259
1 0.644186 0.318519 0.260465 0.088889
2 0.584884 0.414815 0.081395 0.096296
2 0.675581 0.411111 0.104651 0.103704
2 0.781395 0.420370 0.106977 0.107407
3 0.704651 0.592593 0.209302 0.088889
4 0.686047 0.679630 0.093023 0.085185
4 0.783721 0.675926 0.102326 0.085185
4 0.473256 0.761111 0.090698 0.085185
4 0.559302 0.766667 0.086047 0.074074
4 0.662791 0.764815 0.134884 0.085185
4 0.777907 0.766667 0.095349 0.081481
4 0.736047 0.848148 0.095349 0.081481
4 0.836047 0.846296 0.104651 0.077778
4 0.469767 0.918519 0.093023 0.088889
4 0.553488 0.920370 0.088372 0.077778
4 0.661628 0.925926 0.127907 0.088889
4 0.773256 0.925926 0.090698 0.088889
