0 0.170930 0.653704 0.239535 0.477778
1 0.618605 0.301852 0.255814 0.085185
2 0.526744 0.398148 0.127907 0.092593
2 0.674419 0.401852 0.153488 0.092593
2 0.813953 0.398148 0.120930 0.092593
3 0.689535 0.585185 0.197674 0.081481
4 0.439535 0.762963 0.093023 0.066667
4 0.548837 0.766667 0.125581 0.081481
4 0.662791 0.766667 0.088372 0.074074
4 0.769767 0.772222 0.120930 0.085185
4 0.724419 0.851852 0.053488 0.066667
4 0.803488 0.848148 0.100000 0.074074
4 0.226744 0.933333 0.053488 0.074074
4 0.303488 0.931481 0.095349 0.077778
4 0.394186 0.925926 0.090698 0.074074
4 0.481395 0.927778 0.079070 0.077778
4 0.567442 0.929630 0.093023 0.074074
4 0.679070 0.929630 0.134884 0.081481
4 0.794186 0.929630 0.090698 0.081481
4 0.898837 0.935185 0.118605 0.077778
