0 0.168605 0.655556 0.239535 0.488889
1 0.640698 0.305556 0.262791 0.092593
2 0.559302 0.401852 0.137209 0.100000
2 0.658140 0.405556 0.060465 0.100000
2 0.740698 0.403704 0.104651 0.096296
2 0.834884 0.401852 0.083721 0.100000
3 0.708140 0.579630 0.206977 0.085185
4 0.686047 0.666667 0.083721 0.074074
4 0.776744 0.659259 0.102326 0.066667
4 0.662791 0.753704 0.065116 0.085185
4 0.729070 0.753704 0.062791 0.077778
4 0.818605 0.759259 0.116279 0.096296
4 0.646512 0.829630 0.055814 0.074074
4 0.718605 0.835185 0.088372 0.077778
4 0.802326 0.842593 0.083721 0.077778
4 0.902326 0.838889 0.111628 0.077778
4 0.423256 0.920370 0.106977 0.077778
4 0.524419 0.916667 0.090698 0.085185
4 0.598837 0.916667 0.058140 0.085185
4 0.662791 0.922222 0.065116 0.081481
4 0.725581 0.920370 0.060465 0.100000
4 0.811628 0.918519 0.116279 0.088889
4 0.603488 0.753704 0.058140 0.077778
4 0.529070 0.753704 0.090698 0.077778
4 0.431395 0.755556 0.100000 0.081481
