0 0.159302 0.662963 0.239535 0.503704
2 0.574419 0.362963 0.148837 0.096296
2 0.709302 0.364815 0.120930 0.085185
2 0.830233 0.361111 0.120930 0.092593
4 0.658140 0.642593 0.055814 0.077778
4 0.720930 0.642593 0.065116 0.085185
4 0.806977 0.640741 0.106977 0.088889
4 0.430233 0.742593 0.134884 0.077778
4 0.526744 0.738889 0.058140 0.077778
4 0.623256 0.738889 0.130233 0.085185
4 0.752326 0.735185 0.123256 0.077778
4 0.858140 0.729630 0.083721 0.074074
4 0.711628 0.825926 0.065116 0.074074
4 0.776744 0.822222 0.060465 0.066667
4 0.861628 0.829630 0.104651 0.074074
4 0.423256 0.922222 0.130233 0.081481
4 0.520930 0.916667 0.065116 0.077778
4 0.623256 0.920370 0.134884 0.077778
4 0.751163 0.916667 0.120930 0.070370
4 0.856977 0.916667 0.090698 0.077778
