0 0.170930 0.648148 0.225581 0.474074
1 0.662791 0.303704 0.274419 0.096296
2 0.565116 0.398148 0.134884 0.092593
2 0.666279 0.398148 0.076744 0.092593
2 0.811628 0.400000 0.213953 0.096296
3 0.732558 0.588889 0.204651 0.074074
4 0.658140 0.672222 0.060465 0.077778
4 0.754651 0.677778 0.132558 0.088889
4 0.856977 0.675926 0.081395 0.077778
4 0.431395 0.779630 0.123256 0.085185
4 0.551163 0.766667 0.111628 0.096296
4 0.662791 0.768519 0.120930 0.085185
4 0.789535 0.768519 0.127907 0.085185
4 0.896512 0.766667 0.090698 0.074074
4 0.718605 0.853704 0.060465 0.070370
4 0.810465 0.853704 0.132558 0.085185
4 0.916279 0.855556 0.079070 0.081481
4 0.429070 0.942593 0.137209 0.085185
4 0.552326 0.940741 0.113953 0.081481
4 0.662791 0.942593 0.116279 0.092593
4 0.786047 0.935185 0.125581 0.077778
4 0.893023 0.935185 0.088372 0.077778
