0 0.165116 0.659259 0.232558 0.488889
1 0.630233 0.300000 0.274419 0.088889
2 0.575581 0.396296 0.188372 0.096296
2 0.717442 0.400000 0.095349 0.081481
2 0.825581 0.400000 0.106977 0.081481
3 0.701163 0.577778 0.211628 0.081481
4 0.619767 0.664815 0.058140 0.085185
4 0.700000 0.662963 0.102326 0.081481
4 0.811628 0.674074 0.120930 0.088889
4 0.406977 0.759259 0.130233 0.081481
4 0.540698 0.764815 0.132558 0.085185
4 0.652326 0.761111 0.100000 0.085185
4 0.736047 0.755556 0.067442 0.074074
4 0.829070 0.764815 0.118605 0.085185
4 0.669767 0.842593 0.060465 0.070370
4 0.747674 0.846296 0.100000 0.085185
4 0.860465 0.851852 0.116279 0.088889
4 0.400000 0.933333 0.134884 0.081481
4 0.532558 0.938889 0.130233 0.077778
4 0.645349 0.933333 0.100000 0.074074
4 0.730233 0.929630 0.065116 0.081481
4 0.822093 0.935185 0.123256 0.092593
