0 0.159302 0.666667 0.258140 0.503704
1 0.631395 0.307407 0.276744 0.088889
2 0.612791 0.405556 0.155814 0.092593
2 0.759302 0.400000 0.132558 0.111111
3 0.709302 0.588889 0.204651 0.088889
4 0.690698 0.675926 0.093023 0.077778
4 0.782558 0.677778 0.090698 0.074074
4 0.389535 0.762963 0.067442 0.074074
4 0.487209 0.768519 0.127907 0.077778
4 0.604651 0.770370 0.102326 0.081481
4 0.725581 0.775926 0.130233 0.085185
4 0.845349 0.775926 0.104651 0.085185
4 0.747674 0.857407 0.095349 0.077778
4 0.840698 0.855556 0.090698 0.074074
4 0.383721 0.935185 0.074419 0.070370
4 0.484884 0.942593 0.127907 0.077778
4 0.604651 0.935185 0.102326 0.085185
4 0.726744 0.944444 0.132558 0.088889
4 0.843023 0.944444 0.104651 0.074074
