0 0.167442 0.655556 0.241860 0.496296
1 0.650000 0.301852 0.262791 0.085185
2 0.532558 0.400000 0.069767 0.081481
2 0.639535 0.398148 0.148837 0.085185
2 0.806977 0.400000 0.181395 0.096296
3 0.724419 0.588889 0.220930 0.074074
4 0.700000 0.675926 0.069767 0.077778
4 0.786047 0.675926 0.102326 0.092593
4 0.758140 0.851852 0.102326 0.074074
4 0.856977 0.850000 0.090698 0.085185
4 0.434884 0.944444 0.060465 0.081481
4 0.489535 0.940741 0.058140 0.074074
4 0.540698 0.940741 0.053488 0.081481
4 0.602326 0.942593 0.069767 0.070370
4 0.687209 0.937037 0.095349 0.074074
4 0.800000 0.942593 0.139535 0.085185
