0 0.153488 0.646296 0.246512 0.500000
1 0.636047 0.290741 0.267442 0.085185
2 0.495349 0.377778 0.079070 0.088889
2 0.579070 0.390741 0.083721 0.092593
2 0.679070 0.392593 0.106977 0.088889
2 0.824419 0.401852 0.169767 0.100000
3 0.698837 0.572222 0.220930 0.077778
4 0.612791 0.668519 0.160465 0.092593
4 0.756977 0.666667 0.132558 0.088889
4 0.876744 0.666667 0.102326 0.096296
4 0.424419 0.750000 0.127907 0.077778
4 0.529070 0.751852 0.081395 0.088889
4 0.606977 0.755556 0.074419 0.088889
4 0.689535 0.755556 0.086047 0.088889
4 0.774419 0.753704 0.074419 0.085185
4 0.856977 0.759259 0.086047 0.096296
4 0.686047 0.842593 0.060465 0.085185
4 0.755814 0.842593 0.083721 0.085185
4 0.859302 0.848148 0.123256 0.096296
4 0.412791 0.929630 0.146512 0.096296
4 0.530233 0.927778 0.097674 0.085185
4 0.646512 0.933333 0.139535 0.096296
4 0.751163 0.927778 0.074419 0.085185
4 0.829070 0.937037 0.086047 0.096296
