0 0.179070 0.650000 0.223256 0.470370
1 0.639535 0.296296 0.255814 0.074074
2 0.538372 0.390741 0.113953 0.085185
2 0.651163 0.388889 0.106977 0.088889
2 0.798837 0.390741 0.188372 0.092593
3 0.705814 0.568519 0.197674 0.077778
4 0.639535 0.653704 0.060465 0.070370
4 0.720930 0.655556 0.102326 0.081481
4 0.817442 0.651852 0.086047 0.081481
4 0.397674 0.740741 0.130233 0.081481
4 0.538372 0.742593 0.146512 0.085185
4 0.655814 0.737037 0.093023 0.081481
4 0.767442 0.738889 0.111628 0.085185
4 0.874419 0.744444 0.102326 0.088889
4 0.693023 0.822222 0.060465 0.074074
4 0.772093 0.825926 0.102326 0.074074
4 0.869767 0.822222 0.093023 0.081481
4 0.390698 0.909259 0.125581 0.085185
4 0.529070 0.912963 0.146512 0.085185
4 0.654651 0.909259 0.095349 0.070370
4 0.761628 0.909259 0.109302 0.077778
4 0.868605 0.909259 0.104651 0.092593
