0 0.169767 0.672222 0.227907 0.462963
1 0.656977 0.318519 0.272093 0.081481
2 0.586047 0.412963 0.204651 0.100000
2 0.762791 0.416667 0.144186 0.077778
2 0.874419 0.414815 0.088372 0.088889
3 0.712791 0.592593 0.211628 0.088889
4 0.811628 0.755556 0.060465 0.081481
4 0.888372 0.753704 0.093023 0.077778
4 0.365116 0.916667 0.069767 0.070370
4 0.445349 0.916667 0.100000 0.070370
4 0.531395 0.916667 0.062791 0.070370
4 0.615116 0.920370 0.095349 0.077778
4 0.718605 0.916667 0.106977 0.077778
4 0.804651 0.907407 0.069767 0.074074
4 0.883721 0.905556 0.088372 0.085185
4 0.718605 0.755556 0.102326 0.081481
4 0.618605 0.755556 0.093023 0.088889
4 0.536047 0.761111 0.067442 0.077778
4 0.450000 0.761111 0.100000 0.077778
4 0.372093 0.761111 0.051163 0.070370
