0 0.173256 0.653704 0.248837 0.529630
1 0.662791 0.314815 0.274419 0.088889
2 0.516279 0.414815 0.139535 0.103704
2 0.696512 0.416667 0.216279 0.100000
2 0.861628 0.418519 0.127907 0.096296
2 0.856977 0.514815 0.193023 0.096296
3 0.701163 0.590741 0.211628 0.077778
4 0.648837 0.681481 0.102326 0.088889
4 0.758140 0.692593 0.120930 0.088889
4 0.736047 0.859259 0.160465 0.096296
4 0.844186 0.862963 0.060465 0.074074
4 0.926744 0.866667 0.109302 0.081481
4 0.456977 0.942593 0.100000 0.092593
4 0.556977 0.940741 0.109302 0.081481
4 0.634884 0.944444 0.041860 0.074074
4 0.694186 0.940741 0.067442 0.074074
4 0.759302 0.940741 0.062791 0.081481
4 0.832558 0.940741 0.079070 0.074074
4 0.924419 0.948148 0.109302 0.081481
