0 0.172093 0.664815 0.241860 0.492593
1 0.687209 0.281481 0.337209 0.096296
2 0.456977 0.409259 0.067442 0.085185
2 0.554651 0.420370 0.095349 0.100000
2 0.667442 0.411111 0.102326 0.081481
2 0.809302 0.407407 0.153488 0.088889
3 0.737209 0.581481 0.306977 0.088889
4 0.723256 0.677778 0.153488 0.096296
4 0.886047 0.675926 0.125581 0.092593
4 0.413953 0.768519 0.153488 0.100000
4 0.539535 0.759259 0.065116 0.088889
4 0.729070 0.762963 0.220930 0.088889
4 0.588372 0.762963 0.037209 0.044444
4 0.697674 0.848148 0.102326 0.081481
4 0.845349 0.850000 0.160465 0.092593
4 0.397674 0.925926 0.130233 0.088889
4 0.554651 0.931481 0.151163 0.085185
4 0.701163 0.938889 0.151163 0.085185
4 0.861628 0.946296 0.141860 0.092593
