0 0.172093 0.670370 0.241860 0.488889
1 0.668605 0.311111 0.272093 0.081481
2 0.630233 0.407407 0.181395 0.088889
2 0.760465 0.407407 0.088372 0.088889
2 0.852326 0.407407 0.095349 0.096296
3 0.733721 0.585185 0.220930 0.081481
4 0.705814 0.672222 0.081395 0.085185
4 0.804651 0.675926 0.116279 0.077778
4 0.522093 0.766667 0.081395 0.074074
4 0.602326 0.768519 0.079070 0.077778
4 0.686047 0.768519 0.088372 0.077778
4 0.782558 0.768519 0.104651 0.077778
4 0.762791 0.850000 0.074419 0.070370
4 0.855814 0.848148 0.111628 0.074074
4 0.513953 0.933333 0.083721 0.074074
4 0.593023 0.933333 0.079070 0.074074
4 0.679070 0.931481 0.093023 0.077778
4 0.774419 0.931481 0.097674 0.077778
