0 0.170930 0.664815 0.244186 0.500000
1 0.656977 0.292593 0.258140 0.088889
2 0.562791 0.387037 0.209302 0.107407
2 0.717442 0.394444 0.095349 0.085185
2 0.851163 0.396296 0.167442 0.096296
3 0.729070 0.583333 0.225581 0.077778
4 0.690698 0.675926 0.130233 0.077778
4 0.806977 0.674074 0.111628 0.096296
4 0.479070 0.768519 0.130233 0.092593
4 0.579070 0.766667 0.074419 0.088889
4 0.652326 0.768519 0.067442 0.085185
4 0.743023 0.762963 0.113953 0.096296
4 0.831395 0.761111 0.076744 0.077778
4 0.744186 0.848148 0.120930 0.081481
4 0.862791 0.851852 0.111628 0.088889
4 0.474419 0.935185 0.130233 0.092593
4 0.576744 0.937037 0.074419 0.096296
4 0.646512 0.933333 0.065116 0.096296
4 0.736047 0.940741 0.109302 0.088889
4 0.823256 0.938889 0.069767 0.085185
