0 0.173256 0.646296 0.234884 0.500000
1 0.647674 0.281481 0.276744 0.096296
2 0.547674 0.381481 0.202326 0.118519
2 0.689535 0.381481 0.090698 0.103704
2 0.782558 0.379630 0.095349 0.092593
2 0.889535 0.385185 0.113953 0.088889
3 0.717442 0.562963 0.211628 0.088889
4 0.656977 0.651852 0.141860 0.096296
4 0.774419 0.655556 0.097674 0.081481
4 0.865116 0.657407 0.079070 0.085185
4 0.701163 0.748148 0.109302 0.096296
4 0.790698 0.744444 0.065116 0.081481
4 0.706977 0.827778 0.060465 0.077778
4 0.780233 0.831481 0.081395 0.077778
4 0.873256 0.831481 0.104651 0.085185
4 0.562791 0.920370 0.139535 0.085185
4 0.670930 0.911111 0.076744 0.081481
4 0.750000 0.907407 0.081395 0.088889
4 0.834884 0.911111 0.083721 0.088889
4 0.930233 0.912963 0.111628 0.092593
