1 0.650000 0.307407 0.262791 0.081481
0 0.176744 0.666667 0.237209 0.488889
2 0.511628 0.400000 0.088372 0.088889
2 0.594186 0.403704 0.090698 0.096296
2 0.702326 0.401852 0.134884 0.100000
2 0.847674 0.403704 0.151163 0.088889
3 0.720930 0.581481 0.218605 0.088889
4 0.670930 0.668519 0.058140 0.085185
4 0.731395 0.672222 0.058140 0.085185
4 0.802326 0.668519 0.079070 0.085185
4 0.508140 0.761111 0.127907 0.100000
4 0.602326 0.768519 0.069767 0.085185
4 0.681395 0.764815 0.093023 0.085185
4 0.758140 0.761111 0.074419 0.077778
4 0.837209 0.759259 0.097674 0.088889
4 0.775581 0.850000 0.048837 0.085185
4 0.819767 0.842593 0.048837 0.077778
4 0.386047 0.929630 0.130233 0.081481
4 0.486047 0.929630 0.074419 0.088889
4 0.566279 0.927778 0.072093 0.092593
4 0.643023 0.929630 0.076744 0.088889
4 0.715116 0.924074 0.067442 0.077778
4 0.783721 0.929630 0.060465 0.081481
4 0.865116 0.931481 0.111628 0.100000
