0 0.177907 0.662963 0.234884 0.488889
1 0.684884 0.285185 0.360465 0.088889
2 0.525581 0.400000 0.200000 0.103704
2 0.688372 0.392593 0.125581 0.096296
2 0.848837 0.396296 0.181395 0.096296
3 0.709302 0.581481 0.209302 0.096296
4 0.555814 0.759259 0.083721 0.088889
4 0.640698 0.764815 0.076744 0.077778
4 0.740698 0.757407 0.118605 0.085185
4 0.847674 0.751852 0.086047 0.081481
4 0.737209 0.835185 0.088372 0.092593
4 0.838372 0.840741 0.109302 0.081481
4 0.423256 0.937037 0.069767 0.066667
4 0.506977 0.937037 0.097674 0.081481
4 0.616279 0.929630 0.116279 0.088889
4 0.712791 0.931481 0.072093 0.077778
4 0.788372 0.925926 0.083721 0.081481
4 0.869767 0.927778 0.083721 0.085185
