0 0.177907 0.650000 0.244186 0.500000
1 0.655814 0.300000 0.255814 0.088889
2 0.515116 0.396296 0.072093 0.088889
2 0.588372 0.403704 0.088372 0.096296
2 0.704651 0.400000 0.148837 0.103704
2 0.846512 0.401852 0.144186 0.100000
3 0.722093 0.581481 0.202326 0.081481
4 0.632558 0.672222 0.060465 0.077778
4 0.726744 0.672222 0.127907 0.092593
4 0.845349 0.674074 0.104651 0.074074
4 0.408140 0.759259 0.132558 0.088889
4 0.536047 0.762963 0.127907 0.096296
4 0.662791 0.764815 0.134884 0.085185
4 0.793023 0.762963 0.120930 0.081481
4 0.896512 0.757407 0.086047 0.085185
4 0.683721 0.844444 0.060465 0.081481
4 0.779070 0.846296 0.130233 0.085185
4 0.896512 0.844444 0.109302 0.081481
4 0.398837 0.927778 0.132558 0.092593
4 0.530233 0.927778 0.125581 0.092593
4 0.658140 0.931481 0.134884 0.092593
4 0.788372 0.927778 0.120930 0.085185
4 0.894186 0.925926 0.090698 0.088889
