0 0.181395 0.664815 0.223256 0.470370
1 0.651163 0.305556 0.251163 0.070370
2 0.502326 0.422222 0.134884 0.081481
2 0.643023 0.418519 0.141860 0.096296
2 0.789535 0.405556 0.146512 0.092593
3 0.729070 0.574074 0.197674 0.066667
4 0.676744 0.661111 0.093023 0.085185
4 0.775581 0.650000 0.095349 0.085185
4 0.524419 0.751852 0.076744 0.081481
4 0.603488 0.748148 0.076744 0.081481
4 0.686047 0.829630 0.093023 0.081481
4 0.782558 0.824074 0.095349 0.085185
4 0.612791 0.920370 0.081395 0.077778
4 0.695349 0.920370 0.083721 0.077778
