0 0.175581 0.655556 0.234884 0.481481
1 0.668605 0.294444 0.272093 0.100000
2 0.556977 0.392593 0.086047 0.088889
2 0.661628 0.392593 0.123256 0.088889
2 0.773256 0.398148 0.109302 0.092593
2 0.863953 0.398148 0.072093 0.092593
3 0.723256 0.577778 0.213953 0.088889
4 0.638372 0.661111 0.109302 0.092593
4 0.751163 0.668519 0.111628 0.092593
4 0.817442 0.668519 0.020930 0.040741
4 0.873256 0.666667 0.095349 0.074074
4 0.743023 0.833333 0.104651 0.096296
4 0.837209 0.838889 0.088372 0.085185
4 0.896512 0.835185 0.034884 0.077778
4 0.410465 0.911111 0.081395 0.066667
4 0.490698 0.911111 0.083721 0.081481
4 0.584884 0.911111 0.086047 0.066667
4 0.666279 0.916667 0.067442 0.077778
4 0.745349 0.918519 0.090698 0.081481
4 0.843023 0.927778 0.109302 0.092593
