0 0.172093 0.653704 0.232558 0.485185
1 0.650000 0.303704 0.267442 0.088889
2 0.369767 0.488889 0.139535 0.088889
2 0.545349 0.487037 0.202326 0.092593
2 0.734884 0.483333 0.167442 0.100000
2 0.890698 0.490741 0.148837 0.092593
3 0.718605 0.585185 0.218605 0.081481
4 0.668605 0.677778 0.113953 0.096296
4 0.804651 0.677778 0.158140 0.088889
4 0.712791 0.761111 0.076744 0.077778
4 0.789535 0.755556 0.072093 0.074074
4 0.701163 0.842593 0.118605 0.092593
4 0.802326 0.842593 0.079070 0.085185
4 0.890698 0.842593 0.111628 0.092593
4 0.875581 0.925926 0.076744 0.074074
4 0.802326 0.927778 0.074419 0.085185
4 0.719767 0.931481 0.072093 0.085185
4 0.645349 0.929630 0.076744 0.081481
4 0.568605 0.929630 0.058140 0.066667
4 0.518605 0.929630 0.041860 0.066667
4 0.425581 0.931481 0.148837 0.085185
