0 0.161628 0.664815 0.239535 0.507407
1 0.712791 0.294444 0.355814 0.114815
2 0.476744 0.401852 0.074419 0.100000
2 0.624419 0.398148 0.206977 0.092593
2 0.794186 0.388889 0.132558 0.081481
3 0.681395 0.581481 0.213953 0.074074
4 0.663953 0.666667 0.137209 0.088889
4 0.790698 0.664815 0.130233 0.085185
4 0.454651 0.775926 0.132558 0.092593
4 0.568605 0.772222 0.090698 0.092593
4 0.673256 0.759259 0.123256 0.081481
4 0.780233 0.755556 0.090698 0.088889
4 0.726744 0.837037 0.095349 0.081481
4 0.820930 0.835185 0.088372 0.077778
4 0.444186 0.944444 0.097674 0.088889
4 0.547674 0.938889 0.109302 0.092593
4 0.663953 0.933333 0.118605 0.088889
4 0.770930 0.916667 0.090698 0.077778
