0 0.155814 0.655556 0.237209 0.503704
1 0.618605 0.290741 0.269767 0.085185
2 0.536047 0.392593 0.081395 0.088889
2 0.636047 0.390741 0.113953 0.092593
2 0.768605 0.392593 0.155814 0.088889
3 0.695349 0.579630 0.209302 0.077778
4 0.676744 0.670370 0.120930 0.088889
4 0.774419 0.668519 0.083721 0.085185
4 0.561628 0.768519 0.113953 0.085185
4 0.679070 0.768519 0.120930 0.085185
4 0.787209 0.764815 0.090698 0.070370
4 0.882558 0.761111 0.095349 0.070370
4 0.673256 0.851852 0.053488 0.074074
4 0.740698 0.851852 0.076744 0.074074
4 0.839535 0.851852 0.130233 0.074074
4 0.367442 0.938889 0.074419 0.077778
4 0.454651 0.940741 0.095349 0.081481
4 0.548837 0.940741 0.093023 0.074074
4 0.639535 0.935185 0.093023 0.077778
4 0.734884 0.938889 0.097674 0.077778
4 0.830233 0.938889 0.093023 0.077778
