0 0.163953 0.662963 0.230233 0.488889
1 0.631395 0.279630 0.267442 0.085185
2 0.537209 0.374074 0.204651 0.088889
2 0.705814 0.370370 0.109302 0.096296
2 0.844186 0.370370 0.148837 0.096296
3 0.698837 0.564815 0.206977 0.077778
4 0.681395 0.653704 0.116279 0.092593
4 0.791860 0.655556 0.104651 0.088889
4 0.456977 0.751852 0.058140 0.074074
4 0.540698 0.751852 0.109302 0.081481
4 0.663953 0.751852 0.132558 0.081481
4 0.775581 0.748148 0.095349 0.074074
4 0.739535 0.837037 0.116279 0.088889
4 0.846512 0.837037 0.102326 0.088889
4 0.454651 0.924074 0.058140 0.077778
4 0.533721 0.927778 0.109302 0.092593
4 0.659302 0.924074 0.132558 0.085185
4 0.770930 0.916667 0.095349 0.077778
