0 0.161628 0.653704 0.239535 0.492593
1 0.651163 0.287037 0.265116 0.077778
2 0.523256 0.385185 0.065116 0.096296
2 0.645349 0.390741 0.179070 0.092593
2 0.823256 0.383333 0.176744 0.100000
3 0.723256 0.566667 0.209302 0.081481
4 0.708140 0.666667 0.137209 0.088889
4 0.812791 0.662963 0.076744 0.096296
4 0.495349 0.751852 0.106977 0.088889
4 0.604651 0.755556 0.106977 0.088889
4 0.690698 0.750000 0.069767 0.077778
4 0.779070 0.746296 0.102326 0.077778
4 0.716279 0.838889 0.106977 0.085185
4 0.830233 0.842593 0.125581 0.085185
4 0.920930 0.842593 0.065116 0.077778
4 0.340698 0.920370 0.072093 0.077778
4 0.418605 0.916667 0.079070 0.077778
4 0.525581 0.925926 0.139535 0.088889
4 0.637209 0.918519 0.079070 0.074074
4 0.748837 0.922222 0.134884 0.081481
4 0.854651 0.920370 0.076744 0.077778
4 0.936047 0.920370 0.095349 0.077778
