0 0.172093 0.670370 0.232558 0.496296
1 0.665116 0.294444 0.265116 0.085185
2 0.574419 0.387037 0.074419 0.085185
2 0.650000 0.398148 0.086047 0.092593
2 0.793023 0.401852 0.195349 0.092593
3 0.736047 0.585185 0.211628 0.088889
4 0.701163 0.677778 0.072093 0.081481
4 0.801163 0.677778 0.127907 0.088889
4 0.538372 0.768519 0.067442 0.085185
4 0.619767 0.772222 0.090698 0.085185
4 0.698837 0.770370 0.062791 0.081481
4 0.766279 0.768519 0.076744 0.077778
4 0.759302 0.855556 0.072093 0.081481
4 0.858140 0.859259 0.130233 0.088889
4 0.536047 0.944444 0.072093 0.088889
4 0.617442 0.940741 0.090698 0.088889
4 0.694186 0.938889 0.062791 0.085185
4 0.765116 0.938889 0.079070 0.085185
