0 0.186047 0.629630 0.237209 0.488889
2 0.495349 0.403704 0.083721 0.088889
2 0.636047 0.409259 0.183721 0.107407
2 0.819767 0.422222 0.160465 0.103704
3 0.668605 0.581481 0.332558 0.125926
4 0.459302 0.737037 0.095349 0.088889
4 0.554651 0.744444 0.062791 0.081481
4 0.665116 0.740741 0.116279 0.088889
4 0.803488 0.755556 0.123256 0.096296
4 0.703488 0.825926 0.141860 0.081481
4 0.843023 0.835185 0.090698 0.092593
4 0.445349 0.901852 0.072093 0.092593
4 0.563953 0.898148 0.146512 0.077778
4 0.696512 0.903704 0.113953 0.088889
4 0.827907 0.909259 0.120930 0.092593
