0 0.160465 0.638889 0.269767 0.574074
1 0.669767 0.296296 0.288372 0.103704
2 0.470930 0.487037 0.211628 0.100000
2 0.623256 0.494444 0.088372 0.100000
2 0.741860 0.492593 0.144186 0.088889
2 0.875581 0.496296 0.123256 0.081481
3 0.746512 0.592593 0.218605 0.074074
4 0.655814 0.681481 0.060465 0.081481
4 0.741860 0.681481 0.106977 0.081481
4 0.860465 0.690741 0.120930 0.085185
4 0.452326 0.783333 0.132558 0.085185
4 0.559302 0.775926 0.081395 0.085185
4 0.662791 0.781481 0.116279 0.088889
4 0.779070 0.779630 0.125581 0.070370
4 0.882558 0.779630 0.086047 0.070370
4 0.711628 0.866667 0.055814 0.066667
4 0.793023 0.864815 0.102326 0.070370
4 0.916279 0.870370 0.116279 0.088889
4 0.447674 0.957407 0.132558 0.085185
4 0.555814 0.955556 0.079070 0.088889
4 0.653488 0.951852 0.116279 0.081481
4 0.774419 0.948148 0.125581 0.074074
4 0.880233 0.951852 0.086047 0.081481
