0 0.166279 0.657407 0.234884 0.507407
1 0.680233 0.292593 0.267442 0.081481
2 0.612791 0.392593 0.132558 0.088889
2 0.737209 0.390741 0.106977 0.085185
2 0.856977 0.403704 0.123256 0.074074
3 0.756977 0.590741 0.202326 0.077778
4 0.818605 0.677778 0.088372 0.066667
4 0.823256 0.862963 0.055814 0.066667
4 0.867442 0.864815 0.032558 0.062963
4 0.411628 0.935185 0.055814 0.070370
4 0.480233 0.942593 0.067442 0.077778
4 0.580233 0.942593 0.123256 0.085185
4 0.686047 0.942593 0.074419 0.070370
4 0.773256 0.951852 0.095349 0.074074
4 0.867442 0.953704 0.088372 0.077778
4 0.956977 0.955556 0.081395 0.074074
4 0.737209 0.679630 0.060465 0.070370
