0 0.174419 0.648148 0.232558 0.474074
1 0.656977 0.305556 0.253488 0.092593
2 0.595349 0.405556 0.148837 0.100000
2 0.715116 0.409259 0.090698 0.092593
2 0.820930 0.407407 0.116279 0.096296
3 0.724419 0.587037 0.202326 0.085185
4 0.718605 0.675926 0.111628 0.092593
4 0.808140 0.672222 0.081395 0.077778
4 0.433721 0.762963 0.072093 0.081481
4 0.491860 0.762963 0.048837 0.074074
4 0.550000 0.757407 0.072093 0.077778
4 0.630233 0.762963 0.102326 0.081481
4 0.719767 0.762963 0.076744 0.081481
4 0.823256 0.774074 0.130233 0.096296
4 0.770930 0.853704 0.118605 0.092593
4 0.860465 0.855556 0.069767 0.074074
4 0.430233 0.929630 0.074419 0.088889
4 0.488372 0.929630 0.051163 0.081481
4 0.545349 0.929630 0.072093 0.088889
4 0.633721 0.938889 0.095349 0.092593
4 0.717442 0.931481 0.076744 0.085185
4 0.822093 0.933333 0.137209 0.096296
