0 0.180233 0.659259 0.220930 0.459259
1 0.644186 0.292593 0.251163 0.081481
2 0.496512 0.403704 0.072093 0.088889
2 0.584884 0.403704 0.104651 0.096296
2 0.694186 0.405556 0.104651 0.092593
2 0.823256 0.403704 0.167442 0.096296
3 0.690698 0.579630 0.195349 0.077778
4 0.659302 0.661111 0.104651 0.077778
4 0.752326 0.661111 0.081395 0.092593
4 0.589535 0.751852 0.109302 0.074074
4 0.684884 0.750000 0.086047 0.077778
4 0.758140 0.742593 0.055814 0.077778
4 0.818605 0.742593 0.074419 0.077778
4 0.648837 0.840741 0.046512 0.074074
4 0.724419 0.842593 0.095349 0.077778
4 0.811628 0.838889 0.079070 0.077778
4 0.896512 0.829630 0.100000 0.081481
4 0.487209 0.920370 0.081395 0.077778
4 0.573256 0.918519 0.100000 0.081481
4 0.675581 0.916667 0.095349 0.085185
4 0.773256 0.914815 0.095349 0.074074
4 0.848837 0.911111 0.060465 0.081481
4 0.910465 0.918519 0.067442 0.081481
