0 0.177907 0.662963 0.244186 0.503704
1 0.640698 0.281481 0.286047 0.096296
2 0.534884 0.388889 0.148837 0.103704
2 0.655814 0.388889 0.088372 0.096296
2 0.741860 0.387037 0.083721 0.092593
2 0.848837 0.381481 0.120930 0.103704
3 0.713953 0.570370 0.120930 0.088889
4 0.572093 0.761111 0.139535 0.077778
4 0.689535 0.757407 0.104651 0.092593
4 0.753488 0.842593 0.097674 0.085185
4 0.839535 0.835185 0.079070 0.092593
4 0.351163 0.933333 0.097674 0.081481
4 0.436047 0.935185 0.072093 0.077778
4 0.508140 0.929630 0.067442 0.066667
4 0.582558 0.927778 0.095349 0.070370
4 0.681395 0.931481 0.088372 0.077778
4 0.791860 0.929630 0.127907 0.074074
4 0.895349 0.929630 0.088372 0.074074
