0 0.181395 0.659259 0.232558 0.474074
1 0.670930 0.309259 0.258140 0.085185
2 0.587209 0.405556 0.146512 0.092593
2 0.717442 0.400000 0.113953 0.096296
2 0.852326 0.400000 0.160465 0.096296
3 0.745349 0.583333 0.206977 0.085185
4 0.725581 0.668519 0.097674 0.077778
4 0.824419 0.670370 0.104651 0.081481
4 0.513953 0.753704 0.093023 0.077778
4 0.613953 0.755556 0.111628 0.081481
4 0.717442 0.755556 0.100000 0.081481
4 0.817442 0.759259 0.104651 0.074074
4 0.786047 0.842593 0.097674 0.070370
4 0.884884 0.844444 0.100000 0.081481
4 0.510465 0.924074 0.095349 0.092593
4 0.612791 0.925926 0.104651 0.088889
4 0.716279 0.922222 0.097674 0.081481
4 0.816279 0.925926 0.106977 0.088889
