1 0.643023 0.303704 0.267442 0.081481
0 0.177907 0.662963 0.234884 0.488889
2 0.548837 0.403704 0.153488 0.096296
2 0.706977 0.396296 0.172093 0.096296
2 0.852326 0.392593 0.113953 0.088889
3 0.710465 0.574074 0.211628 0.081481
4 0.712791 0.666667 0.090698 0.074074
4 0.795349 0.666667 0.079070 0.081481
4 0.561628 0.755556 0.048837 0.074074
4 0.618605 0.755556 0.083721 0.081481
4 0.706977 0.753704 0.093023 0.085185
4 0.790698 0.753704 0.083721 0.085185
4 0.879070 0.753704 0.097674 0.077778
4 0.730233 0.840741 0.106977 0.081481
4 0.856977 0.840741 0.137209 0.081481
4 0.484884 0.927778 0.100000 0.085185
4 0.562791 0.924074 0.069767 0.077778
4 0.622093 0.916667 0.039535 0.077778
4 0.682558 0.916667 0.081395 0.077778
4 0.767442 0.916667 0.093023 0.085185
4 0.854651 0.912963 0.076744 0.077778
4 0.932558 0.916667 0.079070 0.092593
