0 0.175581 0.664815 0.225581 0.477778
1 0.629070 0.307407 0.272093 0.096296
2 0.423256 0.496296 0.200000 0.096296
2 0.570930 0.492593 0.086047 0.103704
2 0.672093 0.492593 0.111628 0.096296
2 0.819767 0.492593 0.183721 0.096296
3 0.701163 0.592593 0.197674 0.081481
4 0.698837 0.672222 0.109302 0.077778
4 0.790698 0.674074 0.060465 0.074074
4 0.546512 0.764815 0.102326 0.085185
4 0.663953 0.764815 0.127907 0.077778
4 0.772093 0.759259 0.083721 0.081481
4 0.873256 0.766667 0.113953 0.081481
4 0.677907 0.848148 0.104651 0.081481
4 0.774419 0.838889 0.083721 0.085185
4 0.856977 0.840741 0.081395 0.074074
4 0.911628 0.846296 0.037209 0.070370
4 0.408140 0.933333 0.146512 0.088889
4 0.512791 0.927778 0.058140 0.085185
4 0.563953 0.925926 0.053488 0.081481
4 0.638372 0.927778 0.067442 0.085185
4 0.717442 0.931481 0.086047 0.085185
4 0.802326 0.925926 0.088372 0.088889
4 0.902326 0.925926 0.116279 0.096296
