0 0.176744 0.657407 0.223256 0.470370
2 0.560465 0.405556 0.079070 0.085185
2 0.670930 0.407407 0.137209 0.096296
2 0.806977 0.412963 0.125581 0.107407
3 0.713953 0.592593 0.209302 0.088889
4 0.670930 0.681481 0.086047 0.088889
4 0.793023 0.687037 0.162791 0.092593
4 0.788372 0.853704 0.097674 0.077778
4 0.854651 0.857407 0.030233 0.062963
4 0.390698 0.927778 0.083721 0.085185
4 0.459302 0.927778 0.053488 0.077778
4 0.509302 0.925926 0.060465 0.074074
4 0.575581 0.929630 0.067442 0.081481
4 0.660465 0.937037 0.093023 0.096296
4 0.758140 0.935185 0.093023 0.085185
4 0.868605 0.942593 0.123256 0.085185
