0 0.170930 0.661111 0.244186 0.492593
1 0.637209 0.307407 0.255814 0.081481
2 0.848837 0.401852 0.125581 0.092593
2 0.730233 0.403704 0.102326 0.081481
2 0.633721 0.409259 0.086047 0.085185
2 0.522093 0.409259 0.132558 0.070370
3 0.709302 0.594444 0.200000 0.070370
4 0.697674 0.687037 0.134884 0.085185
4 0.809302 0.677778 0.083721 0.074074
4 0.505814 0.777778 0.123256 0.066667
4 0.610465 0.779630 0.086047 0.070370
4 0.694186 0.772222 0.076744 0.077778
4 0.775581 0.775926 0.081395 0.077778
4 0.768605 0.853704 0.095349 0.070370
4 0.845349 0.853704 0.053488 0.077778
4 0.530233 0.946296 0.065116 0.070370
4 0.622093 0.950000 0.118605 0.085185
4 0.708140 0.938889 0.058140 0.070370
4 0.777907 0.942593 0.081395 0.077778
4 0.859302 0.935185 0.081395 0.077778
4 0.939535 0.933333 0.079070 0.081481
