0 0.179070 0.661111 0.241860 0.470370
1 0.675581 0.305556 0.341860 0.092593
2 0.554651 0.407407 0.123256 0.074074
2 0.679070 0.409259 0.093023 0.070370
2 0.819767 0.412963 0.146512 0.077778
3 0.718605 0.566667 0.274419 0.088889
4 0.703488 0.644444 0.169767 0.088889
4 0.887209 0.659259 0.183721 0.096296
4 0.448837 0.738889 0.079070 0.085185
4 0.531395 0.729630 0.072093 0.096296
4 0.663953 0.727778 0.076744 0.092593
4 0.761628 0.735185 0.090698 0.100000
4 0.706977 0.811111 0.162791 0.088889
4 0.887209 0.820370 0.183721 0.100000
4 0.469767 0.912963 0.083721 0.077778
4 0.558140 0.905556 0.074419 0.092593
4 0.694186 0.905556 0.081395 0.092593
4 0.788372 0.912963 0.102326 0.107407
