0 0.175581 0.668519 0.248837 0.485185
1 0.676744 0.305556 0.348837 0.085185
2 0.501163 0.403704 0.118605 0.088889
2 0.617442 0.405556 0.090698 0.100000
2 0.730233 0.401852 0.102326 0.085185
3 0.665116 0.579630 0.274419 0.092593
4 0.705814 0.675926 0.216279 0.077778
4 0.484884 0.761111 0.090698 0.092593
4 0.601163 0.753704 0.123256 0.085185
4 0.733721 0.753704 0.118605 0.085185
4 0.875581 0.753704 0.151163 0.077778
4 0.739535 0.846296 0.195349 0.077778
4 0.452326 0.931481 0.090698 0.085185
4 0.619767 0.924074 0.220930 0.085185
4 0.813953 0.927778 0.148837 0.085185
