0 0.162791 0.674074 0.246512 0.533333
1 0.660465 0.283333 0.279070 0.085185
2 0.545349 0.388889 0.197674 0.096296
2 0.709302 0.390741 0.134884 0.100000
2 0.868605 0.392593 0.183721 0.103704
3 0.731395 0.587037 0.216279 0.085185
4 0.668605 0.677778 0.076744 0.081481
4 0.746512 0.679630 0.079070 0.077778
4 0.834884 0.679630 0.097674 0.085185
4 0.427907 0.777778 0.139535 0.081481
4 0.537209 0.770370 0.079070 0.081481
4 0.627907 0.779630 0.102326 0.092593
4 0.747674 0.775926 0.132558 0.085185
4 0.866279 0.779630 0.100000 0.085185
4 0.716279 0.857407 0.079070 0.077778
4 0.798837 0.861111 0.081395 0.077778
4 0.890698 0.864815 0.097674 0.085185
4 0.418605 0.953704 0.139535 0.092593
4 0.530233 0.948148 0.083721 0.088889
4 0.622093 0.950000 0.100000 0.085185
4 0.741860 0.953704 0.130233 0.085185
4 0.867442 0.955556 0.116279 0.081481
