0 0.145349 0.657407 0.248837 0.529630
1 0.658140 0.279630 0.279070 0.092593
2 0.574419 0.390741 0.162791 0.085185
2 0.725581 0.385185 0.134884 0.088889
2 0.853488 0.385185 0.116279 0.088889
3 0.727907 0.581481 0.213953 0.081481
4 0.718605 0.674074 0.111628 0.074074
4 0.819767 0.675926 0.086047 0.070370
4 0.488372 0.766667 0.065116 0.074074
4 0.570930 0.770370 0.104651 0.074074
4 0.660465 0.768519 0.079070 0.070370
4 0.760465 0.774074 0.130233 0.088889
4 0.789535 0.861111 0.072093 0.092593
4 0.847674 0.864815 0.044186 0.077778
4 0.467442 0.948148 0.111628 0.081481
4 0.572093 0.946296 0.093023 0.085185
4 0.651163 0.942593 0.065116 0.070370
4 0.732558 0.950000 0.102326 0.077778
4 0.822093 0.950000 0.076744 0.070370
4 0.920930 0.951852 0.116279 0.081481
