0 0.182558 0.659259 0.244186 0.488889
1 0.660465 0.296296 0.269767 0.081481
2 0.561628 0.390741 0.179070 0.092593
2 0.704651 0.388889 0.111628 0.096296
2 0.854651 0.394444 0.183721 0.092593
3 0.727907 0.572222 0.204651 0.085185
4 0.703488 0.657407 0.100000 0.077778
4 0.805814 0.662963 0.109302 0.081481
4 0.811628 0.825926 0.116279 0.081481
4 0.345349 0.907407 0.039535 0.066667
4 0.412791 0.912963 0.095349 0.077778
4 0.505814 0.905556 0.090698 0.070370
4 0.593023 0.911111 0.083721 0.074074
4 0.675581 0.909259 0.086047 0.077778
4 0.765116 0.909259 0.093023 0.077778
4 0.861628 0.912963 0.104651 0.085185
4 0.951163 0.911111 0.069767 0.081481
