0 0.167442 0.657407 0.232558 0.492593
1 0.661628 0.281481 0.262791 0.088889
2 0.524419 0.383333 0.202326 0.100000
2 0.733721 0.377778 0.211628 0.088889
2 0.920930 0.383333 0.158140 0.100000
3 0.734884 0.574074 0.209302 0.088889
4 0.687209 0.662963 0.127907 0.088889
4 0.787209 0.664815 0.067442 0.092593
4 0.861628 0.661111 0.076744 0.085185
4 0.587209 0.757407 0.109302 0.085185
4 0.686047 0.755556 0.088372 0.081481
4 0.765116 0.755556 0.065116 0.074074
4 0.862791 0.757407 0.125581 0.085185
4 0.776744 0.840741 0.088372 0.081481
4 0.869767 0.844444 0.102326 0.088889
4 0.515116 0.927778 0.081395 0.085185
4 0.590698 0.927778 0.079070 0.077778
4 0.676744 0.922222 0.088372 0.081481
4 0.770930 0.927778 0.095349 0.092593
4 0.852326 0.924074 0.072093 0.070370
4 0.943023 0.933333 0.113953 0.103704
