0 0.173256 0.668519 0.225581 0.462963
1 0.656977 0.318519 0.262791 0.096296
2 0.439535 0.509259 0.144186 0.077778
2 0.556977 0.505556 0.086047 0.085185
2 0.662791 0.503704 0.116279 0.096296
2 0.818605 0.505556 0.190698 0.092593
3 0.724419 0.594444 0.206977 0.077778
4 0.672093 0.679630 0.060465 0.070370
4 0.761628 0.685185 0.104651 0.081481
4 0.843023 0.679630 0.062791 0.077778
4 0.465116 0.774074 0.065116 0.081481
4 0.558140 0.779630 0.116279 0.085185
4 0.690698 0.774074 0.139535 0.081481
4 0.806977 0.770370 0.097674 0.088889
4 0.729070 0.853704 0.062791 0.070370
4 0.817442 0.857407 0.109302 0.077778
4 0.902326 0.853704 0.060465 0.085185
4 0.462791 0.940741 0.060465 0.081481
4 0.552326 0.942593 0.123256 0.085185
4 0.684884 0.940741 0.137209 0.081481
4 0.804651 0.940741 0.102326 0.081481
