0 0.174419 0.668519 0.223256 0.470370
1 0.646512 0.318519 0.265116 0.074074
2 0.591860 0.416667 0.072093 0.100000
2 0.668605 0.414815 0.086047 0.096296
2 0.768605 0.405556 0.113953 0.092593
3 0.720930 0.581481 0.213953 0.088889
4 0.396512 0.777778 0.100000 0.081481
4 0.490698 0.779630 0.093023 0.092593
4 0.587209 0.766667 0.095349 0.081481
4 0.702326 0.768519 0.130233 0.085185
4 0.801163 0.755556 0.062791 0.088889
4 0.880233 0.753704 0.100000 0.100000
4 0.390698 0.948148 0.102326 0.081481
4 0.487209 0.948148 0.104651 0.081481
4 0.579070 0.942593 0.097674 0.092593
4 0.696512 0.933333 0.137209 0.096296
4 0.802326 0.927778 0.065116 0.085185
4 0.875581 0.922222 0.095349 0.096296
