0 0.156977 0.659259 0.230233 0.503704
2 0.526744 0.392593 0.206977 0.111111
2 0.730233 0.396296 0.195349 0.103704
2 0.883721 0.394444 0.111628 0.100000
3 0.702326 0.581481 0.106977 0.066667
4 0.694186 0.670370 0.095349 0.074074
4 0.779070 0.674074 0.074419 0.066667
4 0.489535 0.764815 0.127907 0.077778
4 0.584884 0.764815 0.067442 0.070370
4 0.658140 0.757407 0.074419 0.077778
4 0.756977 0.764815 0.127907 0.077778
4 0.762791 0.842593 0.060465 0.092593
4 0.818605 0.840741 0.051163 0.081481
4 0.412791 0.925926 0.100000 0.074074
4 0.524419 0.920370 0.127907 0.077778
4 0.651163 0.918519 0.125581 0.088889
4 0.748837 0.916667 0.069767 0.085185
4 0.819767 0.918519 0.072093 0.074074
4 0.913953 0.918519 0.116279 0.088889
