0 0.163953 0.651852 0.239535 0.503704
1 0.651163 0.281481 0.269767 0.096296
2 0.565116 0.392593 0.083721 0.096296
2 0.686047 0.394444 0.144186 0.100000
2 0.824419 0.390741 0.127907 0.092593
3 0.729070 0.587037 0.206977 0.085185
4 0.675581 0.677778 0.132558 0.088889
4 0.786047 0.672222 0.088372 0.085185
4 0.869767 0.672222 0.083721 0.085185
4 0.697674 0.775926 0.125581 0.092593
4 0.816279 0.770370 0.097674 0.088889
4 0.701163 0.857407 0.090698 0.077778
4 0.774419 0.861111 0.041860 0.077778
4 0.830233 0.855556 0.060465 0.074074
4 0.911628 0.857407 0.102326 0.085185
4 0.376744 0.938889 0.106977 0.085185
4 0.484884 0.946296 0.104651 0.085185
4 0.589535 0.946296 0.095349 0.092593
4 0.702326 0.942593 0.120930 0.085185
4 0.819767 0.940741 0.100000 0.081481
4 0.930233 0.942593 0.120930 0.077778
