0 0.166279 0.661111 0.248837 0.492593
1 0.654651 0.294444 0.258140 0.085185
2 0.539535 0.392593 0.065116 0.088889
2 0.663953 0.392593 0.183721 0.088889
2 0.830233 0.390741 0.148837 0.092593
3 0.725581 0.579630 0.204651 0.085185
4 0.684884 0.668519 0.081395 0.077778
4 0.790698 0.668519 0.134884 0.077778
4 0.690698 0.835185 0.111628 0.077778
4 0.812791 0.842593 0.132558 0.085185
4 0.908140 0.838889 0.053488 0.085185
4 0.951163 0.835185 0.037209 0.077778
4 0.367442 0.929630 0.106977 0.081481
4 0.473256 0.927778 0.109302 0.085185
4 0.559302 0.927778 0.062791 0.085185
4 0.637209 0.927778 0.093023 0.092593
4 0.716279 0.922222 0.065116 0.081481
4 0.776744 0.918519 0.065116 0.088889
4 0.839535 0.927778 0.074419 0.085185
4 0.930233 0.920370 0.102326 0.077778
