0 0.169767 0.661111 0.227907 0.470370
1 0.646512 0.270370 0.260465 0.088889
2 0.584884 0.370370 0.146512 0.088889
2 0.716279 0.364815 0.106977 0.100000
2 0.831395 0.368519 0.113953 0.092593
3 0.722093 0.555556 0.202326 0.088889
4 0.626744 0.642593 0.118605 0.092593
4 0.726744 0.642593 0.076744 0.085185
4 0.809302 0.640741 0.088372 0.081481
4 0.890698 0.635185 0.083721 0.085185
4 0.753488 0.818519 0.130233 0.096296
4 0.866279 0.818519 0.100000 0.088889
4 0.489535 0.896296 0.076744 0.074074
4 0.570930 0.896296 0.090698 0.074074
4 0.660465 0.890741 0.083721 0.085185
4 0.755814 0.905556 0.106977 0.092593
