0 0.167442 0.659259 0.260465 0.503704
1 0.639535 0.292593 0.265116 0.088889
2 0.534884 0.387037 0.204651 0.092593
2 0.736047 0.390741 0.183721 0.100000
2 0.895349 0.392593 0.139535 0.103704
3 0.701163 0.579630 0.211628 0.077778
4 0.658140 0.666667 0.060465 0.081481
4 0.717442 0.668519 0.062791 0.085185
4 0.780233 0.668519 0.072093 0.085185
4 0.867442 0.666667 0.106977 0.081481
4 0.734884 0.851852 0.158140 0.074074
4 0.865116 0.853704 0.106977 0.077778
4 0.423256 0.935185 0.088372 0.077778
4 0.500000 0.935185 0.088372 0.070370
4 0.574419 0.933333 0.065116 0.066667
4 0.640698 0.931481 0.067442 0.077778
4 0.706977 0.927778 0.069767 0.077778
4 0.774419 0.929630 0.065116 0.081481
4 0.845349 0.929630 0.072093 0.074074
4 0.936047 0.927778 0.113953 0.085185
