0 0.156977 0.644444 0.211628 0.503704
1 0.619767 0.268519 0.276744 0.085185
2 0.567442 0.381481 0.200000 0.103704
2 0.720930 0.381481 0.120930 0.096296
2 0.841860 0.385185 0.106977 0.088889
3 0.669767 0.561111 0.204651 0.085185
4 0.623256 0.651852 0.083721 0.081481
4 0.705814 0.659259 0.081395 0.081481
4 0.462791 0.742593 0.088372 0.085185
4 0.545349 0.744444 0.081395 0.088889
4 0.653488 0.755556 0.125581 0.096296
4 0.768605 0.746296 0.104651 0.085185
4 0.748837 0.835185 0.060465 0.085185
4 0.797674 0.840741 0.032558 0.074074
4 0.310465 0.922222 0.067442 0.081481
4 0.374419 0.927778 0.060465 0.077778
4 0.452326 0.929630 0.095349 0.081481
4 0.562791 0.925926 0.120930 0.096296
4 0.674419 0.925926 0.102326 0.081481
4 0.791860 0.925926 0.132558 0.088889
4 0.906977 0.922222 0.106977 0.088889
