0 0.166279 0.657407 0.225581 0.477778
1 0.634884 0.287037 0.260465 0.077778
2 0.546512 0.388889 0.204651 0.088889
2 0.720930 0.390741 0.144186 0.092593
2 0.859302 0.383333 0.137209 0.092593
3 0.711628 0.575926 0.204651 0.092593
4 0.637209 0.666667 0.069767 0.074074
4 0.716279 0.661111 0.088372 0.077778
4 0.812791 0.659259 0.113953 0.096296
4 0.597674 0.757407 0.074419 0.085185
4 0.662791 0.753704 0.060465 0.077778
4 0.737209 0.751852 0.083721 0.074074
4 0.839535 0.753704 0.116279 0.085185
4 0.743023 0.837037 0.062791 0.096296
4 0.825581 0.837037 0.097674 0.081481
4 0.400000 0.927778 0.065116 0.077778
4 0.479070 0.922222 0.088372 0.081481
4 0.577907 0.924074 0.113953 0.092593
4 0.673256 0.920370 0.067442 0.077778
4 0.738372 0.920370 0.058140 0.070370
4 0.812791 0.914815 0.090698 0.081481
4 0.916279 0.918519 0.125581 0.096296
