0 0.176744 0.651852 0.241860 0.474074
1 0.643023 0.298148 0.258140 0.100000
2 0.560465 0.401852 0.209302 0.100000
2 0.723256 0.405556 0.106977 0.100000
2 0.848837 0.405556 0.153488 0.100000
3 0.716279 0.590741 0.213953 0.085185
4 0.691860 0.679630 0.095349 0.085185
4 0.791860 0.679630 0.100000 0.085185
4 0.476744 0.772222 0.116279 0.085185
4 0.591860 0.774074 0.113953 0.088889
4 0.709302 0.774074 0.120930 0.096296
4 0.805814 0.772222 0.081395 0.085185
4 0.747674 0.853704 0.095349 0.085185
4 0.846512 0.853704 0.106977 0.092593
4 0.475581 0.940741 0.118605 0.081481
4 0.590698 0.942593 0.111628 0.085185
4 0.703488 0.946296 0.123256 0.092593
4 0.803488 0.938889 0.086047 0.085185
