0 0.168605 0.657407 0.230233 0.485185
1 0.673256 0.294444 0.262791 0.085185
2 0.601163 0.398148 0.183721 0.092593
2 0.734884 0.405556 0.088372 0.085185
2 0.856977 0.403704 0.151163 0.088889
3 0.739535 0.579630 0.200000 0.077778
4 0.506977 0.761111 0.125581 0.092593
4 0.612791 0.761111 0.086047 0.077778
4 0.717442 0.755556 0.118605 0.081481
4 0.830233 0.755556 0.093023 0.088889
4 0.774419 0.840741 0.120930 0.081481
4 0.886047 0.846296 0.093023 0.077778
4 0.491860 0.927778 0.127907 0.085185
4 0.610465 0.927778 0.104651 0.092593
4 0.702326 0.922222 0.083721 0.081481
4 0.808140 0.927778 0.123256 0.092593
