0 0.166279 0.664815 0.253488 0.529630
1 0.674419 0.288889 0.274419 0.088889
2 0.561628 0.387037 0.141860 0.100000
2 0.713953 0.388889 0.158140 0.103704
2 0.868605 0.387037 0.155814 0.107407
3 0.737209 0.575926 0.227907 0.100000
4 0.694186 0.670370 0.067442 0.081481
4 0.765116 0.662963 0.079070 0.081481
4 0.844186 0.672222 0.079070 0.107407
4 0.602326 0.759259 0.079070 0.096296
4 0.687209 0.761111 0.090698 0.092593
4 0.769767 0.848148 0.083721 0.088889
4 0.867442 0.851852 0.111628 0.088889
4 0.491860 0.931481 0.072093 0.085185
4 0.566279 0.935185 0.076744 0.085185
4 0.644186 0.942593 0.079070 0.085185
4 0.715116 0.935185 0.062791 0.085185
4 0.791860 0.938889 0.090698 0.085185
