0 0.170930 0.677778 0.225581 0.474074
1 0.647674 0.307407 0.267442 0.081481
2 0.427907 0.496296 0.130233 0.088889
2 0.541860 0.498148 0.088372 0.092593
2 0.660465 0.492593 0.153488 0.088889
2 0.819767 0.488889 0.160465 0.088889
3 0.720930 0.588889 0.209302 0.074074
4 0.648837 0.683333 0.069767 0.085185
4 0.724419 0.679630 0.086047 0.077778
4 0.830233 0.681481 0.125581 0.096296
4 0.495349 0.768519 0.074419 0.077778
4 0.565116 0.770370 0.060465 0.081481
4 0.634884 0.764815 0.088372 0.077778
4 0.739535 0.764815 0.120930 0.085185
4 0.706977 0.850000 0.065116 0.100000
4 0.773256 0.850000 0.072093 0.085185
4 0.862791 0.848148 0.102326 0.088889
4 0.411628 0.938889 0.065116 0.085185
4 0.487209 0.935185 0.081395 0.077778
4 0.579070 0.938889 0.111628 0.085185
4 0.674419 0.929630 0.069767 0.074074
4 0.737209 0.933333 0.060465 0.074074
4 0.817442 0.933333 0.086047 0.074074
4 0.918605 0.931481 0.120930 0.085185
