0 0.188372 0.666667 0.237209 0.481481
1 0.729070 0.287037 0.337209 0.085185
2 0.569767 0.412963 0.176744 0.077778
2 0.715116 0.412963 0.100000 0.077778
2 0.845349 0.414815 0.141860 0.081481
3 0.719767 0.596296 0.193023 0.066667
4 0.702326 0.679630 0.051163 0.062963
4 0.774419 0.677778 0.083721 0.066667
4 0.869767 0.675926 0.097674 0.070370
4 0.522093 0.768519 0.044186 0.070370
4 0.653488 0.768519 0.181395 0.077778
4 0.770930 0.764815 0.039535 0.070370
4 0.882558 0.770370 0.169767 0.081481
4 0.700000 0.848148 0.051163 0.066667
4 0.772093 0.848148 0.079070 0.066667
4 0.867442 0.850000 0.097674 0.070370
4 0.543023 0.929630 0.058140 0.066667
4 0.613953 0.924074 0.074419 0.070370
4 0.708140 0.927778 0.109302 0.070370
4 0.784884 0.922222 0.039535 0.074074
4 0.856977 0.929630 0.095349 0.081481
4 0.939535 0.925926 0.069767 0.074074
