0 0.167442 0.648148 0.241860 0.481481
1 0.669767 0.288889 0.274419 0.081481
2 0.519767 0.392593 0.146512 0.096296
2 0.640698 0.392593 0.086047 0.096296
2 0.765116 0.390741 0.153488 0.092593
2 0.904651 0.385185 0.116279 0.088889
3 0.712791 0.557407 0.230233 0.085185
4 0.665116 0.655556 0.083721 0.081481
4 0.736047 0.650000 0.067442 0.092593
4 0.732558 0.838889 0.120930 0.085185
4 0.823256 0.840741 0.065116 0.074074
4 0.906977 0.844444 0.106977 0.088889
4 0.470930 0.922222 0.086047 0.081481
4 0.572093 0.920370 0.111628 0.092593
4 0.644186 0.918519 0.046512 0.081481
4 0.706977 0.920370 0.069767 0.085185
4 0.774419 0.916667 0.069767 0.085185
4 0.850000 0.920370 0.072093 0.085185
4 0.940698 0.924074 0.104651 0.092593
