0 0.161628 0.650000 0.234884 0.477778
1 0.674419 0.300000 0.265116 0.096296
2 0.543023 0.400000 0.109302 0.088889
2 0.641860 0.403704 0.088372 0.088889
2 0.761628 0.401852 0.151163 0.092593
2 0.894186 0.407407 0.109302 0.096296
3 0.786047 0.587037 0.102326 0.070370
4 0.426744 0.762963 0.058140 0.074074
4 0.502326 0.764815 0.079070 0.077778
4 0.582558 0.768519 0.076744 0.077778
4 0.652326 0.766667 0.044186 0.074074
4 0.717442 0.770370 0.086047 0.081481
4 0.837209 0.774074 0.153488 0.088889
4 0.694186 0.859259 0.034884 0.074074
4 0.782558 0.864815 0.118605 0.085185
4 0.900000 0.861111 0.120930 0.077778
4 0.377907 0.937037 0.062791 0.081481
4 0.455814 0.933333 0.088372 0.088889
4 0.583721 0.944444 0.158140 0.088889
4 0.681395 0.938889 0.041860 0.070370
4 0.751163 0.942593 0.088372 0.070370
4 0.872093 0.950000 0.148837 0.085185
