0 0.180233 0.659259 0.239535 0.496296
2 0.563953 0.398148 0.160465 0.107407
2 0.706977 0.405556 0.102326 0.092593
3 0.732558 0.581481 0.306977 0.088889
4 0.708140 0.675926 0.095349 0.100000
4 0.834884 0.664815 0.125581 0.100000
4 0.462791 0.759259 0.106977 0.096296
4 0.587209 0.761111 0.123256 0.107407
4 0.711628 0.759259 0.097674 0.074074
4 0.829070 0.755556 0.100000 0.081481
4 0.715116 0.837037 0.104651 0.096296
4 0.840698 0.829630 0.127907 0.081481
4 0.462791 0.911111 0.106977 0.081481
4 0.584884 0.918519 0.118605 0.103704
4 0.831395 0.905556 0.095349 0.077778
4 0.715116 0.912963 0.100000 0.077778
