0 0.162791 0.655556 0.232558 0.488889
1 0.648837 0.272222 0.265116 0.085185
2 0.569767 0.370370 0.204651 0.096296
2 0.741860 0.370370 0.139535 0.088889
2 0.867442 0.372222 0.116279 0.092593
3 0.720930 0.559259 0.204651 0.081481
4 0.665116 0.646296 0.134884 0.092593
4 0.770930 0.650000 0.086047 0.085185
4 0.856977 0.644444 0.081395 0.081481
4 0.579070 0.740741 0.065116 0.074074
4 0.669767 0.742593 0.116279 0.092593
4 0.697674 0.829630 0.065116 0.088889
4 0.759302 0.820370 0.067442 0.077778
4 0.819767 0.825926 0.062791 0.074074
4 0.895349 0.825926 0.088372 0.081481
4 0.290698 0.909259 0.051163 0.070370
4 0.368605 0.909259 0.095349 0.070370
4 0.479070 0.916667 0.130233 0.085185
4 0.595349 0.914815 0.093023 0.074074
4 0.705814 0.912963 0.132558 0.085185
4 0.823256 0.907407 0.093023 0.081481
4 0.926744 0.911111 0.123256 0.088889
