0 0.165116 0.664815 0.223256 0.477778
1 0.717442 0.301852 0.346512 0.100000
2 0.484884 0.405556 0.067442 0.077778
2 0.629070 0.403704 0.211628 0.081481
2 0.795349 0.390741 0.120930 0.070370
3 0.674419 0.583333 0.209302 0.070370
4 0.667442 0.674074 0.130233 0.081481
4 0.779070 0.662963 0.093023 0.074074
4 0.452326 0.779630 0.132558 0.077778
4 0.568605 0.774074 0.090698 0.081481
4 0.679070 0.764815 0.120930 0.085185
4 0.780233 0.751852 0.086047 0.074074
4 0.730233 0.842593 0.093023 0.077778
4 0.812791 0.831481 0.081395 0.077778
4 0.448837 0.942593 0.097674 0.077778
4 0.553488 0.938889 0.106977 0.085185
4 0.667442 0.929630 0.125581 0.081481
4 0.768605 0.918519 0.081395 0.074074
