0 0.177907 0.657407 0.253488 0.492593
1 0.658140 0.301852 0.260465 0.085185
2 0.572093 0.398148 0.130233 0.092593
2 0.677907 0.401852 0.086047 0.092593
2 0.813953 0.405556 0.186047 0.092593
3 0.725581 0.574074 0.209302 0.096296
4 0.459302 0.750000 0.048837 0.070370
4 0.524419 0.751852 0.081395 0.074074
4 0.597674 0.746296 0.069767 0.085185
4 0.653488 0.748148 0.051163 0.074074
4 0.733721 0.753704 0.118605 0.085185
4 0.830233 0.744444 0.079070 0.074074
4 0.720930 0.827778 0.041860 0.070370
4 0.798837 0.833333 0.127907 0.088889
4 0.888372 0.831481 0.065116 0.077778
4 0.398837 0.912963 0.067442 0.085185
4 0.483721 0.920370 0.093023 0.092593
4 0.586047 0.916667 0.111628 0.092593
4 0.660465 0.909259 0.046512 0.077778
4 0.732558 0.912963 0.088372 0.085185
4 0.845349 0.911111 0.151163 0.088889
