0 0.176744 0.653704 0.223256 0.462963
1 0.646512 0.309259 0.265116 0.077778
2 0.495349 0.416667 0.120930 0.092593
2 0.634884 0.414815 0.153488 0.088889
2 0.803488 0.409259 0.193023 0.107407
3 0.684884 0.585185 0.202326 0.081481
4 0.620930 0.668519 0.065116 0.085185
4 0.706977 0.670370 0.102326 0.074074
4 0.717442 0.848148 0.086047 0.081481
4 0.790698 0.837037 0.065116 0.096296
4 0.845349 0.840741 0.034884 0.081481
4 0.230233 0.964815 0.079070 0.070370
4 0.312791 0.955556 0.090698 0.088889
4 0.390698 0.953704 0.079070 0.085185
4 0.480233 0.953704 0.095349 0.077778
4 0.598837 0.953704 0.132558 0.085185
4 0.696512 0.946296 0.067442 0.070370
4 0.770930 0.951852 0.067442 0.074074
4 0.843023 0.944444 0.076744 0.074074
4 0.931395 0.950000 0.100000 0.085185
