0 0.186047 0.662963 0.237209 0.481481
2 0.568605 0.405556 0.141860 0.092593
1 0.663953 0.309259 0.341860 0.107407
2 0.687209 0.400000 0.067442 0.096296
2 0.830233 0.411111 0.209302 0.088889
3 0.733721 0.587037 0.109302 0.070370
4 0.701163 0.670370 0.095349 0.088889
4 0.811628 0.675926 0.130233 0.092593
4 0.503488 0.759259 0.058140 0.081481
4 0.582558 0.764815 0.100000 0.085185
4 0.675581 0.761111 0.086047 0.077778
4 0.777907 0.764815 0.113953 0.077778
4 0.753488 0.838889 0.106977 0.077778
4 0.869767 0.840741 0.130233 0.088889
4 0.500000 0.922222 0.060465 0.081481
4 0.579070 0.927778 0.106977 0.077778
4 0.677907 0.918519 0.090698 0.081481
4 0.776744 0.924074 0.120930 0.077778
