0 0.186047 0.661111 0.251163 0.500000
1 0.645349 0.300000 0.253488 0.081481
2 0.518605 0.398148 0.065116 0.077778
2 0.601163 0.405556 0.090698 0.092593
2 0.693023 0.398148 0.097674 0.085185
2 0.818605 0.403704 0.153488 0.096296
3 0.718605 0.577778 0.195349 0.081481
4 0.632558 0.661111 0.148837 0.085185
4 0.766279 0.657407 0.118605 0.077778
4 0.879070 0.657407 0.106977 0.077778
4 0.627907 0.744444 0.065116 0.081481
4 0.700000 0.744444 0.079070 0.081481
4 0.696512 0.829630 0.058140 0.066667
4 0.765116 0.825926 0.074419 0.074074
4 0.861628 0.829630 0.113953 0.081481
4 0.765116 0.909259 0.069767 0.077778
4 0.837209 0.907407 0.074419 0.074074
