0 0.174419 0.653704 0.223256 0.477778
1 0.634884 0.303704 0.260465 0.088889
2 0.418605 0.501852 0.204651 0.100000
2 0.567442 0.492593 0.093023 0.088889
2 0.668605 0.492593 0.113953 0.088889
2 0.818605 0.490741 0.186047 0.092593
3 0.704651 0.587037 0.195349 0.077778
4 0.702326 0.670370 0.111628 0.088889
4 0.784884 0.675926 0.058140 0.077778
4 0.543023 0.759259 0.104651 0.081481
4 0.662791 0.761111 0.120930 0.077778
4 0.770930 0.761111 0.081395 0.070370
4 0.870930 0.766667 0.113953 0.081481
4 0.680233 0.844444 0.100000 0.074074
4 0.773256 0.844444 0.081395 0.074074
4 0.854651 0.842593 0.076744 0.070370
4 0.912791 0.848148 0.030233 0.066667
4 0.406977 0.933333 0.148837 0.088889
4 0.510465 0.929630 0.053488 0.074074
4 0.568605 0.925926 0.048837 0.074074
4 0.640698 0.929630 0.067442 0.074074
4 0.718605 0.927778 0.083721 0.085185
4 0.802326 0.922222 0.088372 0.081481
4 0.902326 0.927778 0.116279 0.092593
