0 0.172093 0.659259 0.251163 0.518519
1 0.651163 0.290741 0.269767 0.085185
2 0.565116 0.388889 0.181395 0.088889
2 0.712791 0.390741 0.113953 0.085185
2 0.846512 0.390741 0.158140 0.100000
3 0.724419 0.579630 0.206977 0.077778
4 0.723256 0.674074 0.139535 0.088889
4 0.826744 0.672222 0.062791 0.085185
4 0.537209 0.759259 0.083721 0.081481
4 0.613953 0.762963 0.074419 0.081481
4 0.691860 0.764815 0.076744 0.077778
4 0.759302 0.762963 0.058140 0.081481
4 0.782558 0.851852 0.141860 0.081481
4 0.884884 0.851852 0.062791 0.088889
4 0.533721 0.927778 0.086047 0.077778
4 0.613953 0.927778 0.069767 0.077778
4 0.688372 0.929630 0.079070 0.081481
4 0.759302 0.929630 0.067442 0.074074
