0 0.179070 0.683333 0.255814 0.544444
1 0.695349 0.285185 0.358140 0.103704
2 0.517442 0.392593 0.137209 0.088889
2 0.646512 0.396296 0.106977 0.081481
2 0.786047 0.407407 0.139535 0.111111
3 0.713953 0.568519 0.288372 0.107407
4 0.687209 0.668519 0.165116 0.092593
4 0.846512 0.672222 0.139535 0.085185
4 0.482558 0.757407 0.113953 0.100000
4 0.586047 0.761111 0.079070 0.092593
4 0.652326 0.790741 0.030233 0.055556
4 0.758140 0.766667 0.130233 0.081481
4 0.888372 0.759259 0.102326 0.103704
4 0.744186 0.853704 0.153488 0.085185
4 0.905814 0.851852 0.127907 0.081481
4 0.483721 0.937037 0.102326 0.096296
4 0.588372 0.931481 0.083721 0.092593
4 0.656977 0.966667 0.030233 0.051852
4 0.758140 0.940741 0.125581 0.088889
4 0.891860 0.929630 0.109302 0.103704
