0 0.168605 0.666667 0.225581 0.474074
2 0.473256 0.481481 0.202326 0.096296
2 0.620930 0.488889 0.088372 0.111111
2 0.717442 0.479630 0.104651 0.092593
2 0.839535 0.487037 0.139535 0.100000
3 0.726744 0.581481 0.202326 0.081481
4 0.674419 0.664815 0.055814 0.085185
4 0.740698 0.664815 0.072093 0.077778
4 0.815116 0.668519 0.076744 0.085185
4 0.582558 0.751852 0.118605 0.081481
4 0.681395 0.759259 0.079070 0.074074
4 0.766279 0.753704 0.090698 0.077778
4 0.868605 0.759259 0.118605 0.088889
4 0.747674 0.835185 0.095349 0.077778
4 0.844186 0.840741 0.102326 0.088889
4 0.374419 0.916667 0.055814 0.062963
4 0.451163 0.916667 0.093023 0.077778
4 0.534884 0.911111 0.088372 0.096296
4 0.639535 0.918519 0.102326 0.081481
4 0.733721 0.924074 0.081395 0.092593
4 0.820930 0.916667 0.088372 0.077778
4 0.922093 0.922222 0.113953 0.081481
