0 0.168605 0.661111 0.239535 0.492593
1 0.647674 0.277778 0.267442 0.081481
2 0.536047 0.374074 0.072093 0.096296
2 0.613953 0.379630 0.088372 0.092593
2 0.740698 0.377778 0.155814 0.088889
2 0.848837 0.372222 0.060465 0.077778
3 0.723256 0.564815 0.232558 0.077778
4 0.683721 0.653704 0.083721 0.085185
4 0.789535 0.653704 0.123256 0.077778
4 0.451163 0.746296 0.083721 0.077778
4 0.561628 0.744444 0.127907 0.088889
4 0.693023 0.744444 0.130233 0.088889
4 0.810465 0.740741 0.104651 0.088889
4 0.724419 0.829630 0.123256 0.074074
4 0.839535 0.829630 0.106977 0.074074
4 0.923256 0.827778 0.051163 0.077778
4 0.504651 0.909259 0.051163 0.070370
4 0.580233 0.918519 0.081395 0.081481
4 0.686047 0.918519 0.120930 0.081481
4 0.784884 0.916667 0.081395 0.085185
4 0.865116 0.914815 0.079070 0.074074
4 0.945349 0.907407 0.076744 0.074074
