0 0.167442 0.668519 0.255814 0.514815
1 0.616279 0.279630 0.269767 0.085185
2 0.444186 0.459259 0.204651 0.088889
2 0.618605 0.455556 0.134884 0.088889
2 0.768605 0.459259 0.165116 0.088889
3 0.679070 0.555556 0.204651 0.074074
4 0.645349 0.646296 0.113953 0.070370
4 0.766279 0.650000 0.132558 0.085185
4 0.475581 0.748148 0.090698 0.088889
4 0.554651 0.740741 0.067442 0.081481
4 0.623256 0.738889 0.079070 0.085185
4 0.712791 0.737037 0.104651 0.088889
4 0.706977 0.829630 0.106977 0.081481
4 0.822093 0.833333 0.123256 0.081481
4 0.473256 0.922222 0.090698 0.081481
4 0.548837 0.918519 0.065116 0.074074
4 0.623256 0.916667 0.074419 0.077778
4 0.713953 0.918519 0.111628 0.081481
