0 0.179070 0.650000 0.232558 0.470370
1 0.679070 0.292593 0.348837 0.103704
2 0.540698 0.390741 0.202326 0.085185
2 0.717442 0.388889 0.146512 0.088889
2 0.844186 0.392593 0.106977 0.081481
3 0.680233 0.557407 0.193023 0.085185
4 0.653488 0.646296 0.074419 0.077778
4 0.731395 0.646296 0.081395 0.077778
4 0.438372 0.742593 0.058140 0.077778
4 0.520930 0.746296 0.102326 0.085185
4 0.596512 0.744444 0.058140 0.081481
4 0.658140 0.740741 0.074419 0.088889
4 0.750000 0.824074 0.067442 0.092593
4 0.827907 0.820370 0.079070 0.085185
4 0.529070 0.916667 0.053488 0.077778
4 0.605814 0.918519 0.104651 0.088889
4 0.693023 0.918519 0.060465 0.081481
4 0.754651 0.912963 0.062791 0.085185
