0 0.166279 0.675926 0.239535 0.492593
1 0.661628 0.298148 0.267442 0.077778
2 0.593023 0.398148 0.209302 0.107407
2 0.765116 0.401852 0.139535 0.100000
2 0.884884 0.403704 0.095349 0.096296
3 0.724419 0.590741 0.211628 0.085185
4 0.365116 0.766667 0.065116 0.074074
4 0.451163 0.772222 0.097674 0.077778
4 0.536047 0.772222 0.072093 0.077778
4 0.623256 0.774074 0.097674 0.081481
4 0.729070 0.768519 0.109302 0.085185
4 0.813953 0.766667 0.060465 0.074074
4 0.895349 0.768519 0.093023 0.085185
4 0.362791 0.937037 0.055814 0.066667
4 0.443023 0.938889 0.104651 0.077778
4 0.529070 0.935185 0.072093 0.070370
4 0.615116 0.940741 0.095349 0.081481
4 0.723256 0.935185 0.111628 0.070370
4 0.809302 0.935185 0.065116 0.070370
4 0.890698 0.933333 0.097674 0.066667
