0 0.176744 0.650000 0.232558 0.477778
1 0.615116 0.311111 0.258140 0.081481
2 0.505814 0.412963 0.109302 0.085185
2 0.603488 0.411111 0.086047 0.088889
2 0.704651 0.405556 0.116279 0.092593
2 0.818605 0.405556 0.111628 0.092593
3 0.686047 0.592593 0.195349 0.081481
4 0.662791 0.683333 0.130233 0.092593
4 0.780233 0.679630 0.109302 0.085185
4 0.687209 0.851852 0.053488 0.074074
4 0.747674 0.851852 0.062791 0.074074
4 0.832558 0.853704 0.102326 0.092593
4 0.400000 0.946296 0.130233 0.085185
4 0.502326 0.935185 0.074419 0.085185
4 0.593023 0.937037 0.106977 0.088889
4 0.693023 0.935185 0.093023 0.077778
4 0.806977 0.940741 0.134884 0.096296
