0 0.166279 0.644444 0.225581 0.481481
1 0.643023 0.279630 0.258140 0.085185
2 0.550000 0.381481 0.202326 0.096296
2 0.701163 0.385185 0.095349 0.088889
2 0.839535 0.388889 0.186047 0.096296
3 0.708140 0.572222 0.197674 0.070370
4 0.404651 0.748148 0.060465 0.081481
4 0.496512 0.746296 0.109302 0.085185
4 0.584884 0.748148 0.053488 0.088889
4 0.665116 0.750000 0.097674 0.085185
4 0.745349 0.744444 0.062791 0.088889
4 0.822093 0.746296 0.090698 0.077778
4 0.403488 0.916667 0.067442 0.092593
4 0.490698 0.914815 0.111628 0.096296
4 0.580233 0.918519 0.053488 0.088889
4 0.661628 0.924074 0.095349 0.085185
4 0.738372 0.916667 0.067442 0.077778
4 0.819767 0.912963 0.100000 0.085185
