0 0.165116 0.664815 0.237209 0.500000
1 0.662791 0.292593 0.265116 0.074074
2 0.561628 0.390741 0.123256 0.085185
2 0.696512 0.392593 0.137209 0.096296
2 0.845349 0.390741 0.151163 0.085185
3 0.734884 0.579630 0.209302 0.077778
4 0.723256 0.670370 0.097674 0.088889
4 0.811628 0.666667 0.083721 0.081481
4 0.772093 0.835185 0.088372 0.077778
4 0.861628 0.838889 0.090698 0.085185
4 0.384884 0.929630 0.081395 0.074074
4 0.489535 0.929630 0.123256 0.081481
4 0.596512 0.929630 0.081395 0.066667
4 0.695349 0.929630 0.120930 0.081481
4 0.802326 0.925926 0.093023 0.074074
4 0.906977 0.929630 0.106977 0.081481
