0 0.166279 0.657407 0.239535 0.477778
1 0.647674 0.270370 0.272093 0.081481
2 0.573256 0.366667 0.220930 0.088889
2 0.751163 0.370370 0.153488 0.088889
2 0.873256 0.366667 0.104651 0.088889
3 0.718605 0.557407 0.218605 0.085185
4 0.718605 0.651852 0.125581 0.088889
4 0.812791 0.642593 0.062791 0.085185
4 0.504651 0.740741 0.125581 0.081481
4 0.601163 0.742593 0.062791 0.077778
4 0.673256 0.742593 0.072093 0.077778
4 0.768605 0.740741 0.123256 0.088889
4 0.720930 0.825926 0.060465 0.074074
4 0.801163 0.829630 0.095349 0.088889
4 0.876744 0.825926 0.065116 0.074074
4 0.468605 0.916667 0.123256 0.077778
4 0.565116 0.914815 0.069767 0.074074
4 0.662791 0.912963 0.125581 0.077778
4 0.759302 0.911111 0.067442 0.066667
4 0.836047 0.911111 0.067442 0.081481
4 0.930233 0.914815 0.120930 0.096296
