0 0.150000 0.651852 0.239535 0.496296
1 0.654651 0.287037 0.267442 0.077778
2 0.544186 0.394444 0.065116 0.085185
2 0.658140 0.388889 0.153488 0.088889
2 0.816279 0.388889 0.148837 0.088889
3 0.725581 0.574074 0.204651 0.074074
4 0.705814 0.670370 0.151163 0.081481
4 0.830233 0.666667 0.093023 0.081481
4 0.497674 0.753704 0.083721 0.085185
4 0.580233 0.761111 0.081395 0.077778
4 0.670930 0.759259 0.100000 0.066667
4 0.775581 0.757407 0.104651 0.077778
4 0.766279 0.840741 0.072093 0.074074
4 0.845349 0.842593 0.086047 0.077778
4 0.495349 0.931481 0.083721 0.085185
4 0.602326 0.927778 0.130233 0.085185
4 0.704651 0.925926 0.083721 0.081481
4 0.788372 0.927778 0.079070 0.077778
