0 0.170930 0.659259 0.230233 0.481481
1 0.665116 0.283333 0.348837 0.107407
2 0.545349 0.392593 0.118605 0.096296
2 0.672093 0.403704 0.097674 0.103704
2 0.802326 0.390741 0.130233 0.085185
3 0.846512 0.564815 0.269767 0.085185
4 0.773256 0.655556 0.127907 0.096296
4 0.882558 0.653704 0.067442 0.100000
4 0.379070 0.744444 0.130233 0.096296
4 0.505814 0.742593 0.109302 0.092593
4 0.590698 0.768519 0.027907 0.048148
4 0.789535 0.744444 0.165116 0.103704
4 0.940698 0.740741 0.118605 0.103704
4 0.780233 0.825926 0.132558 0.088889
4 0.889535 0.833333 0.072093 0.096296
4 0.376744 0.922222 0.125581 0.103704
4 0.508140 0.922222 0.109302 0.096296
4 0.590698 0.938889 0.027907 0.055556
4 0.789535 0.918519 0.155814 0.103704
4 0.940698 0.924074 0.118605 0.100000
