0 0.168605 0.657407 0.239535 0.500000
1 0.659302 0.277778 0.286047 0.088889
2 0.533721 0.377778 0.155814 0.103704
2 0.651163 0.379630 0.088372 0.092593
2 0.747674 0.381481 0.100000 0.088889
2 0.884884 0.385185 0.169767 0.111111
3 0.733721 0.562963 0.211628 0.088889
4 0.713953 0.648148 0.120930 0.096296
4 0.824419 0.655556 0.100000 0.074074
4 0.476744 0.746296 0.120930 0.085185
4 0.594186 0.751852 0.109302 0.103704
4 0.719767 0.750000 0.137209 0.092593
4 0.836047 0.748148 0.104651 0.081481
4 0.775581 0.833333 0.109302 0.081481
4 0.879070 0.837037 0.106977 0.074074
4 0.469767 0.920370 0.120930 0.085185
4 0.587209 0.920370 0.113953 0.085185
4 0.716279 0.918519 0.130233 0.088889
4 0.833721 0.920370 0.104651 0.085185
