0 0.152326 0.655556 0.248837 0.481481
1 0.684884 0.296296 0.430233 0.096296
2 0.546512 0.396296 0.195349 0.096296
2 0.702326 0.403704 0.120930 0.088889
2 0.839535 0.394444 0.153488 0.100000
3 0.702326 0.581481 0.232558 0.088889
4 0.631395 0.666667 0.067442 0.081481
4 0.698837 0.668519 0.062791 0.077778
4 0.767442 0.668519 0.074419 0.085185
4 0.862791 0.668519 0.116279 0.085185
4 0.729070 0.848148 0.165116 0.081481
4 0.873256 0.840741 0.118605 0.096296
4 0.268605 0.942593 0.127907 0.077778
4 0.380233 0.935185 0.090698 0.077778
4 0.473256 0.933333 0.095349 0.096296
4 0.588372 0.931481 0.134884 0.085185
4 0.691860 0.929630 0.072093 0.088889
4 0.766279 0.929630 0.076744 0.088889
4 0.837209 0.929630 0.074419 0.081481
4 0.930233 0.931481 0.116279 0.077778
