0 0.163953 0.661111 0.234884 0.492593
1 0.650000 0.275926 0.262791 0.085185
2 0.513953 0.385185 0.148837 0.103704
2 0.648837 0.388889 0.111628 0.096296
2 0.813953 0.383333 0.209302 0.100000
3 0.711628 0.559259 0.209302 0.088889
4 0.703488 0.651852 0.086047 0.081481
4 0.812791 0.650000 0.118605 0.092593
4 0.488372 0.738889 0.102326 0.092593
4 0.618605 0.740741 0.148837 0.096296
4 0.736047 0.740741 0.081395 0.074074
4 0.837209 0.744444 0.130233 0.088889
4 0.731395 0.820370 0.086047 0.085185
4 0.808140 0.825926 0.072093 0.074074
4 0.877907 0.827778 0.072093 0.085185
4 0.454651 0.920370 0.067442 0.070370
4 0.538372 0.918519 0.095349 0.074074
4 0.637209 0.918519 0.102326 0.088889
4 0.737209 0.916667 0.093023 0.077778
4 0.817442 0.914815 0.067442 0.074074
4 0.891860 0.911111 0.081395 0.088889
