0 0.183721 0.651852 0.223256 0.466667
1 0.676744 0.309259 0.353488 0.100000
2 0.567442 0.401852 0.130233 0.085185
2 0.684884 0.401852 0.104651 0.085185
2 0.803488 0.400000 0.132558 0.088889
3 0.710465 0.575926 0.202326 0.085185
4 0.422093 0.738889 0.086047 0.077778
4 0.506977 0.740741 0.079070 0.088889
4 0.595349 0.740741 0.088372 0.088889
4 0.682558 0.744444 0.086047 0.081481
4 0.768605 0.742593 0.076744 0.085185
4 0.846512 0.750000 0.079070 0.085185
4 0.427907 0.896296 0.083721 0.074074
4 0.517442 0.901852 0.090698 0.077778
4 0.605814 0.900000 0.086047 0.088889
4 0.677907 0.903704 0.062791 0.081481
4 0.750000 0.907407 0.086047 0.088889
4 0.832558 0.909259 0.074419 0.077778
