0 0.168605 0.664815 0.230233 0.477778
1 0.625581 0.303704 0.265116 0.096296
2 0.586047 0.403704 0.186047 0.096296
2 0.772093 0.405556 0.190698 0.077778
3 0.700000 0.587037 0.200000 0.085185
4 0.576744 0.674074 0.037209 0.074074
4 0.661628 0.675926 0.141860 0.085185
4 0.759302 0.677778 0.044186 0.074074
4 0.840698 0.681481 0.113953 0.088889
4 0.381395 0.759259 0.069767 0.081481
4 0.481395 0.768519 0.130233 0.085185
4 0.595349 0.770370 0.097674 0.081481
4 0.715116 0.770370 0.132558 0.088889
4 0.830233 0.766667 0.102326 0.088889
4 0.629070 0.850000 0.034884 0.077778
4 0.716279 0.848148 0.144186 0.088889
4 0.811628 0.853704 0.046512 0.085185
4 0.895349 0.853704 0.111628 0.092593
4 0.373256 0.925926 0.058140 0.081481
4 0.477907 0.931481 0.127907 0.085185
4 0.594186 0.937037 0.100000 0.096296
4 0.713953 0.937037 0.134884 0.088889
4 0.829070 0.938889 0.095349 0.100000
