0 0.176744 0.651852 0.232558 0.488889
1 0.651163 0.287037 0.279070 0.085185
2 0.596512 0.385185 0.151163 0.096296
2 0.715116 0.388889 0.095349 0.088889
2 0.820930 0.388889 0.120930 0.088889
3 0.716279 0.570370 0.218605 0.096296
4 0.655814 0.662963 0.139535 0.088889
4 0.775581 0.661111 0.100000 0.085185
4 0.869767 0.657407 0.088372 0.077778
4 0.684884 0.746296 0.072093 0.077778
4 0.781395 0.751852 0.125581 0.088889
4 0.702326 0.831481 0.065116 0.077778
4 0.776744 0.833333 0.083721 0.074074
4 0.874419 0.831481 0.116279 0.077778
4 0.563953 0.916667 0.132558 0.085185
4 0.670930 0.914815 0.081395 0.081481
4 0.753488 0.914815 0.083721 0.081481
4 0.836047 0.909259 0.086047 0.085185
4 0.932558 0.916667 0.111628 0.085185
