0 0.160465 0.653704 0.246512 0.500000
1 0.665116 0.287037 0.283721 0.100000
2 0.548837 0.381481 0.218605 0.111111
2 0.698837 0.383333 0.090698 0.100000
2 0.813953 0.387037 0.134884 0.100000
2 0.939535 0.396296 0.106977 0.103704
3 0.737209 0.572222 0.116279 0.077778
4 0.631395 0.664815 0.058140 0.085185
4 0.733721 0.666667 0.146512 0.088889
4 0.865116 0.664815 0.111628 0.085185
4 0.506977 0.768519 0.111628 0.092593
4 0.583721 0.762963 0.041860 0.081481
4 0.656977 0.768519 0.104651 0.085185
4 0.743023 0.766667 0.062791 0.088889
4 0.815116 0.764815 0.081395 0.077778
4 0.897674 0.766667 0.093023 0.081481
4 0.774419 0.846296 0.093023 0.085185
4 0.866279 0.851852 0.086047 0.081481
4 0.386047 0.937037 0.093023 0.081481
4 0.488372 0.935185 0.106977 0.085185
4 0.588372 0.935185 0.083721 0.077778
4 0.679070 0.937037 0.093023 0.088889
4 0.770930 0.937037 0.090698 0.074074
4 0.877907 0.938889 0.123256 0.085185
