0 0.146512 0.653704 0.232558 0.477778
1 0.674419 0.290741 0.367442 0.100000
2 0.574419 0.409259 0.134884 0.092593
2 0.702326 0.403704 0.106977 0.103704
2 0.829070 0.411111 0.141860 0.096296
3 0.727907 0.590741 0.227907 0.092593
4 0.696512 0.687037 0.072093 0.077778
4 0.789535 0.690741 0.113953 0.092593
4 0.473256 0.766667 0.072093 0.088889
4 0.554651 0.768519 0.081395 0.077778
4 0.661628 0.781481 0.132558 0.088889
4 0.784884 0.777778 0.100000 0.081481
4 0.748837 0.866667 0.074419 0.074074
4 0.852326 0.868519 0.127907 0.085185
4 0.373256 0.940741 0.081395 0.088889
4 0.467442 0.946296 0.116279 0.092593
4 0.568605 0.944444 0.076744 0.088889
4 0.646512 0.944444 0.083721 0.088889
4 0.756977 0.953704 0.132558 0.085185
4 0.874419 0.950000 0.097674 0.070370
