0 0.186047 0.653704 0.232558 0.455556
1 0.670930 0.294444 0.193023 0.070370
2 0.538372 0.398148 0.081395 0.085185
2 0.633721 0.398148 0.109302 0.092593
2 0.767442 0.403704 0.162791 0.088889
3 0.661628 0.566667 0.216279 0.088889
4 0.548837 0.655556 0.055814 0.074074
4 0.619767 0.655556 0.090698 0.081481
4 0.712791 0.659259 0.100000 0.088889
4 0.810465 0.657407 0.095349 0.085185
4 0.908140 0.664815 0.109302 0.100000
4 0.436047 0.742593 0.095349 0.077778
4 0.534884 0.740741 0.093023 0.074074
4 0.618605 0.742593 0.074419 0.077778
4 0.697674 0.738889 0.083721 0.077778
4 0.788372 0.740741 0.102326 0.081481
4 0.695349 0.824074 0.153488 0.077778
4 0.815116 0.825926 0.086047 0.081481
4 0.910465 0.827778 0.095349 0.085185
4 0.372093 0.900000 0.120930 0.074074
4 0.467442 0.900000 0.083721 0.074074
4 0.550000 0.903704 0.086047 0.074074
4 0.644186 0.905556 0.097674 0.077778
4 0.740698 0.903704 0.090698 0.081481
4 0.840698 0.909259 0.109302 0.092593
4 0.930233 0.905556 0.074419 0.077778
