0 0.163953 0.655556 0.248837 0.503704
1 0.638372 0.279630 0.267442 0.092593
2 0.520930 0.375926 0.200000 0.100000
2 0.659302 0.374074 0.090698 0.088889
2 0.754651 0.379630 0.100000 0.092593
2 0.882558 0.385185 0.155814 0.096296
3 0.702326 0.562963 0.218605 0.088889
4 0.673256 0.651852 0.086047 0.088889
4 0.767442 0.653704 0.111628 0.100000
4 0.738372 0.829630 0.086047 0.103704
4 0.829070 0.831481 0.100000 0.100000
4 0.337209 0.918519 0.102326 0.081481
4 0.453488 0.912963 0.125581 0.077778
4 0.560465 0.916667 0.083721 0.085185
4 0.661628 0.918519 0.118605 0.088889
4 0.765116 0.918519 0.097674 0.081481
4 0.884884 0.924074 0.141860 0.092593
