1 0.640698 0.294444 0.276744 0.092593
2 0.539535 0.398148 0.223256 0.100000
2 0.689535 0.403704 0.095349 0.096296
2 0.754651 0.388889 0.044186 0.103704
2 0.860465 0.398148 0.181395 0.107407
3 0.722093 0.575926 0.211628 0.092593
4 0.701163 0.675926 0.081395 0.085185
4 0.779070 0.675926 0.083721 0.085185
4 0.643023 0.766667 0.104651 0.088889
4 0.754651 0.762963 0.127907 0.088889
4 0.865116 0.764815 0.093023 0.085185
4 0.667442 0.851852 0.069767 0.074074
4 0.746512 0.850000 0.102326 0.077778
4 0.855814 0.853704 0.130233 0.085185
4 0.518605 0.927778 0.074419 0.085185
4 0.616279 0.938889 0.120930 0.085185
4 0.710465 0.940741 0.076744 0.081481
4 0.795349 0.938889 0.097674 0.085185
4 0.911628 0.938889 0.134884 0.100000
0 0.177907 0.659259 0.239535 0.481481
