0 0.172093 0.657407 0.237209 0.485185
1 0.650000 0.300000 0.272093 0.096296
2 0.583721 0.407407 0.209302 0.088889
2 0.739535 0.407407 0.111628 0.074074
2 0.866279 0.411111 0.132558 0.096296
3 0.724419 0.592593 0.216279 0.081481
4 0.698837 0.687037 0.086047 0.077778
4 0.803488 0.687037 0.123256 0.092593
4 0.488372 0.781481 0.069767 0.074074
4 0.569767 0.781481 0.093023 0.081481
4 0.677907 0.783333 0.132558 0.085185
4 0.794186 0.775926 0.095349 0.085185
4 0.750000 0.861111 0.086047 0.070370
4 0.858140 0.864815 0.120930 0.085185
4 0.483721 0.953704 0.074419 0.085185
4 0.563953 0.950000 0.095349 0.077778
4 0.672093 0.955556 0.134884 0.081481
4 0.790698 0.950000 0.097674 0.085185
