0 0.163953 0.659259 0.230233 0.474074
1 0.643023 0.292593 0.262791 0.088889
2 0.522093 0.394444 0.165116 0.085185
2 0.711628 0.390741 0.204651 0.100000
2 0.873256 0.390741 0.123256 0.107407
3 0.711628 0.583333 0.209302 0.077778
4 0.653488 0.672222 0.055814 0.077778
4 0.736047 0.668519 0.104651 0.077778
4 0.820930 0.670370 0.065116 0.074074
4 0.443023 0.761111 0.127907 0.085185
4 0.538372 0.761111 0.062791 0.070370
4 0.626744 0.759259 0.113953 0.081481
4 0.733721 0.757407 0.090698 0.077778
4 0.827907 0.759259 0.097674 0.081481
4 0.679070 0.840741 0.055814 0.074074
4 0.759302 0.844444 0.104651 0.081481
4 0.838372 0.840741 0.058140 0.074074
4 0.904651 0.842593 0.055814 0.077778
4 0.489535 0.927778 0.127907 0.092593
4 0.618605 0.925926 0.130233 0.088889
4 0.720930 0.925926 0.069767 0.074074
4 0.789535 0.920370 0.067442 0.085185
