0 0.167442 0.666667 0.237209 0.503704
1 0.645349 0.292593 0.262791 0.088889
2 0.538372 0.394444 0.206977 0.100000
2 0.734884 0.392593 0.181395 0.096296
2 0.890698 0.398148 0.125581 0.092593
3 0.717442 0.577778 0.225581 0.088889
4 0.698837 0.677778 0.095349 0.081481
4 0.798837 0.675926 0.104651 0.077778
4 0.711628 0.861111 0.125581 0.077778
4 0.831395 0.857407 0.104651 0.085185
4 0.908140 0.853704 0.048837 0.085185
4 0.470930 0.951852 0.193023 0.074074
4 0.602326 0.940741 0.065116 0.074074
4 0.667442 0.942593 0.065116 0.070370
4 0.740698 0.942593 0.072093 0.070370
4 0.831395 0.946296 0.109302 0.077778
