0 0.190698 0.638889 0.241860 0.462963
1 0.638372 0.292593 0.258140 0.088889
2 0.550000 0.394444 0.137209 0.085185
2 0.688372 0.394444 0.130233 0.100000
2 0.827907 0.396296 0.148837 0.096296
3 0.708140 0.575926 0.206977 0.085185
4 0.670930 0.662963 0.086047 0.088889
4 0.776744 0.664815 0.125581 0.070370
4 0.440698 0.746296 0.118605 0.077778
4 0.538372 0.750000 0.076744 0.077778
4 0.634884 0.751852 0.120930 0.081481
4 0.754651 0.755556 0.104651 0.081481
4 0.839535 0.759259 0.060465 0.074074
4 0.713953 0.844444 0.088372 0.081481
4 0.824419 0.838889 0.123256 0.085185
4 0.425581 0.907407 0.134884 0.088889
4 0.525581 0.911111 0.074419 0.074074
4 0.623256 0.920370 0.125581 0.085185
4 0.739535 0.924074 0.106977 0.085185
4 0.829070 0.929630 0.072093 0.081481
