0 0.170930 0.646296 0.234884 0.477778
1 0.697674 0.292593 0.358140 0.103704
2 0.538372 0.390741 0.081395 0.092593
2 0.643023 0.390741 0.127907 0.092593
2 0.802326 0.388889 0.186047 0.096296
3 0.717442 0.574074 0.202326 0.074074
4 0.704651 0.661111 0.083721 0.077778
4 0.796512 0.661111 0.095349 0.077778
4 0.486047 0.753704 0.079070 0.085185
4 0.591860 0.761111 0.127907 0.092593
4 0.693023 0.751852 0.074419 0.081481
4 0.784884 0.751852 0.104651 0.081481
4 0.761628 0.838889 0.086047 0.077778
4 0.854651 0.840741 0.100000 0.081481
4 0.483721 0.927778 0.083721 0.077778
4 0.589535 0.927778 0.132558 0.085185
4 0.694186 0.922222 0.076744 0.081481
4 0.782558 0.924074 0.109302 0.077778
