0 0.173256 0.664815 0.239535 0.485185
1 0.712791 0.303704 0.337209 0.081481
2 0.580233 0.390741 0.179070 0.092593
2 0.731395 0.396296 0.095349 0.096296
2 0.851163 0.403704 0.102326 0.088889
3 0.738372 0.570370 0.276744 0.088889
4 0.674419 0.655556 0.134884 0.088889
4 0.818605 0.661111 0.125581 0.077778
4 0.430233 0.753704 0.120930 0.092593
4 0.595349 0.753704 0.172093 0.100000
4 0.696512 0.759259 0.030233 0.029630
4 0.751163 0.753704 0.088372 0.085185
4 0.876744 0.759259 0.125581 0.096296
4 0.684884 0.831481 0.123256 0.085185
4 0.824419 0.829630 0.127907 0.088889
4 0.430233 0.916667 0.134884 0.085185
4 0.596512 0.918519 0.174419 0.081481
4 0.696512 0.918519 0.025581 0.022222
4 0.756977 0.918519 0.104651 0.088889
4 0.877907 0.925926 0.118605 0.088889
