0 0.162791 0.662963 0.260465 0.533333
1 0.663953 0.292593 0.272093 0.088889
2 0.563953 0.398148 0.123256 0.077778
2 0.697674 0.398148 0.144186 0.092593
2 0.844186 0.392593 0.148837 0.081481
3 0.737209 0.577778 0.223256 0.081481
4 0.718605 0.672222 0.106977 0.092593
4 0.815116 0.672222 0.086047 0.092593
4 0.774419 0.844444 0.088372 0.081481
4 0.863953 0.844444 0.095349 0.081481
4 0.382558 0.935185 0.090698 0.077778
4 0.488372 0.933333 0.130233 0.081481
4 0.596512 0.929630 0.086047 0.074074
4 0.696512 0.931481 0.123256 0.077778
4 0.804651 0.929630 0.093023 0.081481
4 0.905814 0.927778 0.109302 0.077778
