0 0.162791 0.640741 0.237209 0.466667
1 0.667442 0.305556 0.260465 0.085185
2 0.584884 0.401852 0.072093 0.085185
2 0.673256 0.396296 0.109302 0.096296
2 0.806977 0.398148 0.148837 0.092593
3 0.736047 0.579630 0.202326 0.085185
4 0.725581 0.668519 0.088372 0.077778
4 0.806977 0.664815 0.079070 0.077778
4 0.508140 0.753704 0.090698 0.077778
4 0.596512 0.753704 0.086047 0.077778
4 0.693023 0.750000 0.097674 0.077778
4 0.791860 0.755556 0.100000 0.081481
4 0.781395 0.835185 0.093023 0.077778
4 0.862791 0.831481 0.079070 0.077778
4 0.498837 0.920370 0.086047 0.077778
4 0.590698 0.918519 0.093023 0.088889
4 0.686047 0.918519 0.097674 0.081481
4 0.789535 0.918519 0.104651 0.074074
