0 0.163953 0.662963 0.239535 0.525926
1 0.654651 0.296296 0.267442 0.074074
2 0.560465 0.398148 0.153488 0.092593
2 0.695349 0.400000 0.111628 0.081481
2 0.839535 0.401852 0.181395 0.085185
3 0.730233 0.590741 0.204651 0.077778
4 0.694186 0.681481 0.090698 0.088889
4 0.805814 0.687037 0.132558 0.092593
4 0.743023 0.861111 0.067442 0.077778
4 0.812791 0.859259 0.072093 0.081481
4 0.881395 0.861111 0.065116 0.085185
4 0.429070 0.959259 0.137209 0.081481
4 0.545349 0.953704 0.104651 0.070370
4 0.648837 0.955556 0.102326 0.081481
4 0.748837 0.953704 0.093023 0.077778
4 0.859302 0.951852 0.137209 0.081481
