0 0.166279 0.657407 0.248837 0.492593
1 0.659302 0.292593 0.272093 0.081481
2 0.511628 0.388889 0.065116 0.088889
2 0.590698 0.394444 0.093023 0.077778
2 0.709302 0.387037 0.144186 0.085185
2 0.854651 0.394444 0.146512 0.085185
3 0.731395 0.572222 0.202326 0.077778
4 0.663953 0.664815 0.100000 0.077778
4 0.753488 0.661111 0.079070 0.077778
4 0.847674 0.664815 0.109302 0.085185
4 0.505814 0.751852 0.123256 0.074074
4 0.625581 0.757407 0.106977 0.085185
4 0.720930 0.755556 0.074419 0.074074
4 0.801163 0.757407 0.090698 0.070370
4 0.800000 0.840741 0.130233 0.081481
4 0.876744 0.833333 0.032558 0.059259
4 0.350000 0.924074 0.095349 0.070370
4 0.440698 0.920370 0.081395 0.070370
4 0.539535 0.927778 0.116279 0.077778
4 0.665116 0.924074 0.120930 0.077778
4 0.777907 0.922222 0.104651 0.081481
4 0.867442 0.918519 0.074419 0.066667
4 0.947674 0.918519 0.086047 0.081481
