0 0.170930 0.655556 0.258140 0.503704
1 0.648837 0.305556 0.288372 0.085185
2 0.569767 0.405556 0.125581 0.092593
2 0.697674 0.405556 0.125581 0.092593
2 0.819767 0.407407 0.113953 0.088889
3 0.700000 0.583333 0.218605 0.092593
4 0.654651 0.666667 0.095349 0.088889
4 0.756977 0.666667 0.109302 0.088889
4 0.568605 0.753704 0.090698 0.085185
4 0.652326 0.759259 0.076744 0.074074
4 0.758140 0.762963 0.125581 0.081481
4 0.869767 0.759259 0.097674 0.081481
4 0.722093 0.844444 0.076744 0.081481
4 0.829070 0.840741 0.127907 0.081481
4 0.422093 0.931481 0.137209 0.085185
4 0.517442 0.929630 0.053488 0.081481
4 0.594186 0.931481 0.095349 0.085185
4 0.665116 0.931481 0.041860 0.085185
4 0.739535 0.929630 0.106977 0.088889
4 0.832558 0.929630 0.074419 0.088889
4 0.917442 0.927778 0.109302 0.077778
