0 0.175581 0.662963 0.234884 0.488889
1 0.645349 0.318519 0.258140 0.088889
2 0.590698 0.412963 0.204651 0.100000
2 0.746512 0.411111 0.111628 0.088889
2 0.843023 0.409259 0.081395 0.085185
3 0.715116 0.592593 0.211628 0.088889
4 0.644186 0.679630 0.046512 0.070370
4 0.704651 0.675926 0.079070 0.077778
4 0.805814 0.681481 0.123256 0.088889
4 0.468605 0.779630 0.058140 0.077778
4 0.527907 0.772222 0.055814 0.070370
4 0.615116 0.775926 0.113953 0.085185
4 0.704651 0.772222 0.060465 0.077778
4 0.780233 0.770370 0.090698 0.066667
4 0.666279 0.850000 0.053488 0.070370
4 0.710465 0.851852 0.034884 0.081481
4 0.748837 0.851852 0.041860 0.074074
4 0.805814 0.842593 0.081395 0.077778
4 0.904651 0.850000 0.125581 0.092593
4 0.469767 0.948148 0.046512 0.081481
4 0.529070 0.940741 0.062791 0.066667
4 0.613953 0.944444 0.111628 0.081481
4 0.703488 0.937037 0.062791 0.074074
4 0.777907 0.940741 0.086047 0.074074
