0 0.177907 0.648148 0.253488 0.488889
1 0.665116 0.277778 0.279070 0.088889
2 0.413953 0.472222 0.186047 0.085185
2 0.558140 0.475926 0.088372 0.092593
2 0.691860 0.470370 0.183721 0.088889
2 0.880233 0.475926 0.193023 0.100000
3 0.743023 0.570370 0.202326 0.074074
4 0.734884 0.664815 0.153488 0.092593
4 0.845349 0.664815 0.062791 0.092593
4 0.518605 0.751852 0.083721 0.081481
4 0.629070 0.757407 0.132558 0.085185
4 0.726744 0.757407 0.067442 0.077778
4 0.800000 0.757407 0.079070 0.085185
4 0.789535 0.846296 0.146512 0.085185
4 0.898837 0.846296 0.067442 0.077778
4 0.519767 0.933333 0.086047 0.081481
4 0.625581 0.935185 0.130233 0.085185
4 0.727907 0.929630 0.065116 0.081481
4 0.796512 0.931481 0.076744 0.085185
