0 0.176744 0.668519 0.232558 0.477778
1 0.640698 0.285185 0.262791 0.088889
2 0.570930 0.385185 0.132558 0.088889
2 0.698837 0.383333 0.118605 0.092593
2 0.817442 0.383333 0.118605 0.100000
3 0.713953 0.570370 0.204651 0.081481
4 0.702326 0.659259 0.060465 0.081481
4 0.775581 0.657407 0.086047 0.077778
4 0.506977 0.750000 0.088372 0.077778
4 0.602326 0.751852 0.097674 0.081481
4 0.681395 0.748148 0.055814 0.074074
4 0.756977 0.746296 0.090698 0.070370
4 0.751163 0.827778 0.060465 0.077778
4 0.827907 0.833333 0.083721 0.081481
4 0.502326 0.918519 0.093023 0.081481
4 0.600000 0.920370 0.093023 0.085185
4 0.679070 0.916667 0.055814 0.077778
4 0.751163 0.911111 0.093023 0.088889
