0 0.172093 0.657407 0.241860 0.507407
1 0.646512 0.279630 0.279070 0.077778
2 0.561628 0.390741 0.202326 0.114815
2 0.740698 0.387037 0.146512 0.107407
2 0.870930 0.388889 0.118605 0.111111
3 0.713953 0.577778 0.218605 0.096296
4 0.722093 0.668519 0.160465 0.100000
4 0.817442 0.666667 0.048837 0.088889
4 0.458140 0.751852 0.065116 0.074074
4 0.530233 0.753704 0.079070 0.092593
4 0.698837 0.759259 0.076744 0.096296
4 0.784884 0.753704 0.095349 0.092593
4 0.779070 0.846296 0.116279 0.092593
4 0.858140 0.840741 0.051163 0.088889
4 0.462791 0.933333 0.153488 0.096296
4 0.552326 0.924074 0.039535 0.077778
4 0.606977 0.927778 0.060465 0.085185
4 0.679070 0.933333 0.069767 0.096296
4 0.761628 0.931481 0.095349 0.100000
4 0.851163 0.938889 0.074419 0.100000
4 0.936047 0.937037 0.095349 0.096296
4 0.612791 0.755556 0.086047 0.081481
