0 0.175581 0.655556 0.225581 0.474074
1 0.622093 0.279630 0.262791 0.077778
2 0.526744 0.374074 0.067442 0.088889
2 0.661628 0.374074 0.202326 0.081481
2 0.805814 0.379630 0.081395 0.077778
3 0.690698 0.562963 0.204651 0.074074
4 0.686047 0.657407 0.106977 0.085185
4 0.777907 0.648148 0.081395 0.074074
4 0.761628 0.827778 0.062791 0.100000
4 0.811628 0.824074 0.032558 0.070370
4 0.367442 0.916667 0.102326 0.092593
4 0.484884 0.911111 0.127907 0.081481
4 0.603488 0.907407 0.109302 0.074074
4 0.717442 0.909259 0.118605 0.077778
4 0.833721 0.911111 0.104651 0.088889
4 0.920930 0.909259 0.079070 0.077778
