0 0.172093 0.659259 0.232558 0.481481
1 0.686047 0.307407 0.344186 0.096296
2 0.529070 0.398148 0.067442 0.085185
2 0.641860 0.401852 0.116279 0.092593
2 0.781395 0.401852 0.125581 0.085185
3 0.694186 0.588889 0.127907 0.081481
4 0.666279 0.662963 0.132558 0.088889
4 0.782558 0.670370 0.067442 0.081481
4 0.895349 0.670370 0.125581 0.103704
4 0.555814 0.766667 0.120930 0.096296
4 0.697674 0.755556 0.153488 0.088889
4 0.812791 0.750000 0.072093 0.092593
4 0.908140 0.755556 0.109302 0.081481
4 0.675581 0.840741 0.123256 0.081481
4 0.781395 0.848148 0.065116 0.081481
4 0.894186 0.848148 0.127907 0.096296
4 0.558140 0.931481 0.125581 0.100000
4 0.700000 0.924074 0.125581 0.085185
4 0.768605 0.944444 0.030233 0.037037
4 0.813953 0.918519 0.074419 0.088889
4 0.910465 0.922222 0.104651 0.081481
