0 0.166279 0.657407 0.253488 0.507407
1 0.670930 0.287037 0.272093 0.077778
2 0.562791 0.383333 0.139535 0.092593
2 0.711628 0.390741 0.153488 0.107407
2 0.861628 0.388889 0.146512 0.096296
3 0.738372 0.577778 0.216279 0.088889
4 0.691860 0.670370 0.072093 0.081481
4 0.766279 0.670370 0.076744 0.088889
4 0.840698 0.674074 0.067442 0.088889
4 0.605814 0.762963 0.062791 0.081481
4 0.690698 0.759259 0.097674 0.081481
4 0.767442 0.842593 0.088372 0.085185
4 0.869767 0.851852 0.116279 0.088889
4 0.496512 0.935185 0.062791 0.077778
4 0.566279 0.924074 0.076744 0.077778
4 0.645349 0.931481 0.076744 0.092593
4 0.715116 0.935185 0.062791 0.077778
4 0.793023 0.937037 0.088372 0.081481
