0 0.159302 0.661111 0.234884 0.485185
1 0.658140 0.288889 0.260465 0.088889
2 0.540698 0.392593 0.076744 0.081481
2 0.668605 0.392593 0.179070 0.096296
2 0.836047 0.388889 0.151163 0.096296
3 0.730233 0.579630 0.204651 0.085185
4 0.677907 0.670370 0.058140 0.081481
4 0.737209 0.668519 0.055814 0.077778
4 0.819767 0.666667 0.109302 0.081481
4 0.456977 0.766667 0.132558 0.081481
4 0.587209 0.768519 0.123256 0.077778
4 0.708140 0.768519 0.113953 0.077778
4 0.809302 0.762963 0.079070 0.081481
4 0.879070 0.764815 0.055814 0.077778
4 0.733721 0.853704 0.062791 0.077778
4 0.796512 0.851852 0.062791 0.074074
4 0.883721 0.853704 0.111628 0.077778
4 0.454651 0.944444 0.132558 0.081481
4 0.583721 0.944444 0.125581 0.081481
4 0.704651 0.940741 0.116279 0.081481
4 0.806977 0.942593 0.083721 0.077778
4 0.875581 0.937037 0.058140 0.074074
