0 0.165116 0.662963 0.246512 0.511111
1 0.654651 0.290741 0.258140 0.077778
2 0.563953 0.392593 0.165116 0.088889
2 0.713953 0.390741 0.106977 0.085185
2 0.856977 0.390741 0.137209 0.077778
3 0.720930 0.574074 0.204651 0.088889
4 0.704651 0.661111 0.069767 0.077778
4 0.782558 0.664815 0.086047 0.077778
4 0.811628 0.757407 0.079070 0.085185
4 0.909302 0.761111 0.111628 0.085185
4 0.782558 0.837037 0.072093 0.096296
4 0.841860 0.840741 0.041860 0.074074
4 0.513953 0.922222 0.083721 0.081481
4 0.604651 0.924074 0.097674 0.077778
4 0.682558 0.918519 0.067442 0.066667
4 0.763953 0.922222 0.095349 0.081481
4 0.848837 0.925926 0.074419 0.088889
4 0.940698 0.925926 0.104651 0.088889
