0 0.169767 0.668519 0.227907 0.462963
1 0.658140 0.312963 0.260465 0.092593
2 0.637209 0.412963 0.083721 0.077778
2 0.741860 0.412963 0.120930 0.085185
3 0.723256 0.592593 0.097674 0.074074
4 0.695349 0.674074 0.055814 0.074074
4 0.744186 0.675926 0.041860 0.077778
4 0.801163 0.675926 0.067442 0.070370
4 0.470930 0.764815 0.123256 0.085185
4 0.577907 0.762963 0.081395 0.081481
4 0.676744 0.768519 0.116279 0.092593
4 0.772093 0.762963 0.069767 0.081481
4 0.841860 0.762963 0.069767 0.081481
4 0.746512 0.850000 0.055814 0.077778
4 0.794186 0.846296 0.044186 0.077778
4 0.850000 0.846296 0.072093 0.077778
4 0.467442 0.929630 0.125581 0.096296
4 0.573256 0.925926 0.086047 0.088889
4 0.672093 0.933333 0.116279 0.088889
4 0.767442 0.931481 0.069767 0.077778
4 0.839535 0.931481 0.069767 0.077778
