0 0.180233 0.651852 0.234884 0.474074
1 0.686047 0.285185 0.330233 0.118519
2 0.567442 0.390741 0.111628 0.092593
2 0.674419 0.394444 0.102326 0.085185
2 0.798837 0.392593 0.151163 0.096296
3 0.715116 0.575926 0.206977 0.077778
4 0.679070 0.661111 0.106977 0.077778
4 0.796512 0.668519 0.118605 0.085185
4 0.479070 0.753704 0.106977 0.077778
4 0.581395 0.755556 0.093023 0.081481
4 0.684884 0.753704 0.123256 0.077778
4 0.790698 0.750000 0.088372 0.077778
4 0.729070 0.835185 0.113953 0.077778
4 0.845349 0.842593 0.123256 0.092593
4 0.467442 0.911111 0.111628 0.081481
4 0.574419 0.907407 0.093023 0.088889
4 0.679070 0.918519 0.125581 0.081481
4 0.782558 0.918519 0.090698 0.074074
