0 0.169767 0.651852 0.237209 0.488889
1 0.651163 0.300000 0.269767 0.096296
2 0.562791 0.394444 0.153488 0.092593
2 0.698837 0.396296 0.118605 0.088889
2 0.837209 0.400000 0.148837 0.088889
3 0.723256 0.583333 0.209302 0.085185
4 0.713953 0.668519 0.069767 0.085185
4 0.786047 0.668519 0.083721 0.085185
4 0.515116 0.759259 0.058140 0.074074
4 0.593023 0.757407 0.097674 0.085185
4 0.673256 0.757407 0.053488 0.070370
4 0.750000 0.762963 0.090698 0.081481
4 0.672093 0.842593 0.069767 0.070370
4 0.755814 0.844444 0.102326 0.074074
4 0.838372 0.844444 0.067442 0.081481
4 0.924419 0.842593 0.104651 0.077778
4 0.368605 0.929630 0.127907 0.081481
4 0.482558 0.925926 0.100000 0.081481
4 0.586047 0.924074 0.097674 0.077778
4 0.673256 0.924074 0.067442 0.070370
4 0.767442 0.927778 0.120930 0.085185
4 0.870930 0.925926 0.081395 0.074074
4 0.951163 0.925926 0.079070 0.081481
