0 0.173256 0.657407 0.220930 0.470370
1 0.637209 0.294444 0.265116 0.092593
2 0.425581 0.481481 0.148837 0.096296
2 0.544186 0.481481 0.093023 0.096296
2 0.670930 0.475926 0.174419 0.085185
2 0.823256 0.474074 0.125581 0.096296
3 0.703488 0.570370 0.206977 0.081481
4 0.648837 0.659259 0.130233 0.081481
4 0.754651 0.655556 0.086047 0.081481
4 0.840698 0.655556 0.090698 0.074074
4 0.650000 0.748148 0.076744 0.081481
4 0.717442 0.744444 0.067442 0.081481
4 0.800000 0.738889 0.097674 0.092593
4 0.725581 0.829630 0.055814 0.081481
4 0.776744 0.824074 0.051163 0.077778
4 0.837209 0.829630 0.069767 0.074074
4 0.362791 0.914815 0.106977 0.081481
4 0.452326 0.912963 0.072093 0.085185
4 0.546512 0.912963 0.111628 0.085185
4 0.661628 0.909259 0.123256 0.085185
4 0.766279 0.911111 0.076744 0.081481
4 0.832558 0.909259 0.060465 0.085185
4 0.917442 0.907407 0.109302 0.096296
