0 0.173256 0.659259 0.234884 0.481481
1 0.668605 0.301852 0.248837 0.085185
2 0.579070 0.403704 0.111628 0.081481
2 0.706977 0.401852 0.144186 0.077778
2 0.808140 0.400000 0.058140 0.074074
3 0.666279 0.577778 0.179070 0.074074
4 0.587209 0.670370 0.048837 0.066667
4 0.643023 0.664815 0.058140 0.077778
4 0.704651 0.661111 0.065116 0.077778
4 0.784884 0.664815 0.095349 0.077778
4 0.722093 0.848148 0.151163 0.074074
4 0.827907 0.840741 0.065116 0.074074
4 0.902326 0.846296 0.083721 0.077778
4 0.379070 0.935185 0.074419 0.070370
4 0.466279 0.935185 0.100000 0.077778
4 0.545349 0.925926 0.053488 0.081481
4 0.610465 0.933333 0.076744 0.066667
4 0.677907 0.927778 0.048837 0.077778
4 0.734884 0.927778 0.060465 0.070370
4 0.796512 0.925926 0.062791 0.074074
4 0.873256 0.929630 0.095349 0.074074
