0 0.174419 0.657407 0.223256 0.485185
1 0.643023 0.294444 0.267442 0.077778
2 0.534884 0.390741 0.144186 0.085185
2 0.697674 0.388889 0.172093 0.088889
2 0.846512 0.387037 0.125581 0.085185
3 0.710465 0.570370 0.197674 0.081481
4 0.704651 0.661111 0.097674 0.085185
4 0.789535 0.653704 0.072093 0.085185
4 0.486047 0.753704 0.097674 0.092593
4 0.570930 0.748148 0.067442 0.088889
4 0.655814 0.753704 0.083721 0.085185
4 0.759302 0.750000 0.118605 0.092593
4 0.737209 0.831481 0.097674 0.092593
4 0.813953 0.827778 0.060465 0.092593
4 0.873256 0.831481 0.053488 0.085185
4 0.483721 0.920370 0.097674 0.092593
4 0.570930 0.920370 0.076744 0.085185
4 0.650000 0.916667 0.086047 0.085185
4 0.753488 0.916667 0.120930 0.092593
