0 0.179070 0.659259 0.232558 0.481481
1 0.632558 0.307407 0.255814 0.081481
2 0.551163 0.405556 0.074419 0.092593
2 0.650000 0.411111 0.104651 0.081481
2 0.776744 0.403704 0.139535 0.088889
3 0.703488 0.588889 0.197674 0.074074
4 0.419767 0.759259 0.118605 0.074074
4 0.520930 0.762963 0.079070 0.081481
4 0.597674 0.762963 0.069767 0.081481
4 0.677907 0.759259 0.086047 0.081481
4 0.762791 0.761111 0.074419 0.070370
4 0.843023 0.762963 0.076744 0.081481
4 0.666279 0.842593 0.067442 0.077778
4 0.739535 0.840741 0.079070 0.074074
4 0.817442 0.844444 0.076744 0.074074
4 0.897674 0.844444 0.074419 0.074074
4 0.456977 0.922222 0.127907 0.081481
4 0.581395 0.924074 0.111628 0.085185
4 0.669767 0.927778 0.055814 0.070370
4 0.736047 0.924074 0.067442 0.070370
4 0.808140 0.924074 0.067442 0.070370
