0 0.165116 0.666667 0.232558 0.503704
1 0.656977 0.277778 0.276744 0.088889
2 0.488372 0.398148 0.060465 0.092593
2 0.574419 0.398148 0.111628 0.092593
2 0.702326 0.403704 0.134884 0.096296
3 0.679070 0.579630 0.195349 0.077778
4 0.588372 0.674074 0.079070 0.066667
4 0.658140 0.672222 0.060465 0.077778
4 0.540698 0.766667 0.081395 0.088889
4 0.618605 0.764815 0.083721 0.085185
4 0.695349 0.761111 0.065116 0.077778
4 0.767442 0.757407 0.093023 0.077778
4 0.730233 0.848148 0.079070 0.081481
4 0.576744 0.927778 0.093023 0.085185
4 0.661628 0.931481 0.086047 0.077778
4 0.737209 0.927778 0.065116 0.085185
4 0.808140 0.927778 0.095349 0.085185
2 0.810465 0.844444 0.072093 0.074074
