0 0.169767 0.659259 0.237209 0.496296
1 0.659302 0.290741 0.276744 0.077778
2 0.579070 0.392593 0.190698 0.096296
2 0.729070 0.390741 0.109302 0.085185
2 0.852326 0.387037 0.137209 0.092593
3 0.723256 0.566667 0.209302 0.081481
4 0.624419 0.653704 0.058140 0.085185
4 0.730233 0.661111 0.153488 0.092593
4 0.862791 0.666667 0.111628 0.088889
4 0.419767 0.750000 0.127907 0.077778
4 0.530233 0.748148 0.093023 0.081481
4 0.645349 0.753704 0.137209 0.085185
4 0.774419 0.748148 0.125581 0.081481
4 0.882558 0.748148 0.090698 0.066667
4 0.679070 0.829630 0.060465 0.074074
4 0.784884 0.840741 0.155814 0.088889
4 0.912791 0.838889 0.100000 0.085185
4 0.411628 0.929630 0.134884 0.081481
4 0.529070 0.916667 0.090698 0.085185
4 0.640698 0.920370 0.137209 0.077778
4 0.770930 0.916667 0.132558 0.070370
4 0.882558 0.918519 0.095349 0.074074
