0 0.173256 0.661111 0.239535 0.485185
1 0.651163 0.301852 0.265116 0.085185
2 0.512791 0.396296 0.155814 0.096296
2 0.684884 0.403704 0.188372 0.096296
2 0.865116 0.405556 0.181395 0.085185
3 0.722093 0.581481 0.104651 0.074074
4 0.679070 0.666667 0.116279 0.096296
4 0.781395 0.666667 0.093023 0.081481
4 0.851163 0.672222 0.046512 0.070370
4 0.589535 0.753704 0.100000 0.085185
4 0.684884 0.761111 0.095349 0.092593
4 0.756977 0.755556 0.058140 0.074074
4 0.854651 0.761111 0.118605 0.092593
4 0.736047 0.842593 0.104651 0.077778
4 0.836047 0.842593 0.100000 0.077778
4 0.912791 0.848148 0.048837 0.066667
4 0.930233 0.929630 0.120930 0.096296
4 0.840698 0.922222 0.067442 0.081481
4 0.762791 0.924074 0.088372 0.077778
4 0.673256 0.922222 0.086047 0.096296
4 0.610465 0.916667 0.039535 0.070370
4 0.540698 0.918519 0.100000 0.074074
4 0.439535 0.918519 0.111628 0.074074
