0 0.167442 0.655556 0.232558 0.474074
1 0.645349 0.298148 0.272093 0.092593
2 0.565116 0.400000 0.069767 0.096296
2 0.668605 0.405556 0.141860 0.092593
2 0.796512 0.405556 0.109302 0.092593
3 0.717442 0.583333 0.206977 0.077778
4 0.696512 0.674074 0.086047 0.081481
4 0.790698 0.668519 0.093023 0.077778
4 0.430233 0.772222 0.120930 0.077778
4 0.536047 0.766667 0.100000 0.081481
4 0.640698 0.764815 0.109302 0.077778
4 0.745349 0.768519 0.109302 0.085185
4 0.852326 0.764815 0.100000 0.085185
4 0.730233 0.851852 0.148837 0.096296
4 0.845349 0.853704 0.081395 0.077778
4 0.920930 0.853704 0.065116 0.077778
4 0.452326 0.929630 0.127907 0.081481
4 0.556977 0.935185 0.076744 0.092593
4 0.656977 0.931481 0.127907 0.085185
4 0.758140 0.929630 0.074419 0.081481
4 0.829070 0.927778 0.067442 0.085185
