0 0.173256 0.664815 0.248837 0.492593
1 0.648837 0.303704 0.260465 0.096296
2 0.512791 0.401852 0.155814 0.085185
2 0.686047 0.403704 0.186047 0.088889
2 0.868605 0.403704 0.188372 0.096296
3 0.718605 0.579630 0.106977 0.070370
4 0.679070 0.666667 0.111628 0.088889
4 0.784884 0.666667 0.100000 0.088889
4 0.856977 0.668519 0.058140 0.077778
4 0.586047 0.753704 0.106977 0.100000
4 0.683721 0.755556 0.088372 0.081481
4 0.760465 0.753704 0.065116 0.077778
4 0.858140 0.759259 0.125581 0.096296
4 0.732558 0.837037 0.111628 0.096296
4 0.834884 0.840741 0.102326 0.081481
4 0.908140 0.840741 0.048837 0.074074
4 0.440698 0.927778 0.109302 0.085185
4 0.539535 0.916667 0.093023 0.085185
4 0.606977 0.920370 0.046512 0.077778
4 0.674419 0.927778 0.083721 0.092593
4 0.760465 0.925926 0.093023 0.088889
4 0.838372 0.925926 0.062791 0.074074
4 0.933721 0.933333 0.123256 0.088889
