0 0.173256 0.664815 0.234884 0.500000
2 0.568605 0.379630 0.211628 0.100000
2 0.722093 0.387037 0.086047 0.092593
2 0.879070 0.381481 0.223256 0.088889
3 0.747674 0.564815 0.206977 0.077778
4 0.662791 0.655556 0.065116 0.074074
4 0.739535 0.655556 0.097674 0.081481
4 0.855814 0.657407 0.130233 0.092593
4 0.466279 0.748148 0.127907 0.088889
4 0.580233 0.746296 0.095349 0.085185
4 0.672093 0.746296 0.079070 0.085185
4 0.774419 0.742593 0.125581 0.085185
4 0.881395 0.744444 0.088372 0.081481
4 0.716279 0.829630 0.055814 0.081481
4 0.793023 0.829630 0.097674 0.074074
4 0.908140 0.837037 0.132558 0.088889
4 0.460465 0.920370 0.130233 0.085185
4 0.575581 0.918519 0.095349 0.081481
4 0.663953 0.922222 0.081395 0.081481
4 0.770930 0.918519 0.127907 0.081481
4 0.876744 0.914815 0.088372 0.074074
