0 0.163953 0.668519 0.244186 0.514815
1 0.648837 0.296296 0.274419 0.088889
2 0.623256 0.392593 0.209302 0.103704
2 0.801163 0.387037 0.146512 0.092593
3 0.720930 0.581481 0.200000 0.088889
4 0.682558 0.672222 0.095349 0.077778
4 0.801163 0.675926 0.141860 0.092593
4 0.481395 0.768519 0.102326 0.070370
4 0.589535 0.770370 0.118605 0.081481
4 0.696512 0.764815 0.090698 0.085185
4 0.797674 0.761111 0.111628 0.077778
4 0.676744 0.855556 0.051163 0.074074
4 0.731395 0.848148 0.048837 0.074074
4 0.822093 0.848148 0.127907 0.081481
4 0.926744 0.850000 0.081395 0.085185
4 0.436047 0.946296 0.062791 0.077778
4 0.508140 0.951852 0.081395 0.081481
4 0.612791 0.940741 0.113953 0.081481
4 0.720930 0.942593 0.088372 0.085185
4 0.822093 0.938889 0.109302 0.077778
