0 0.167442 0.655556 0.251163 0.488889
1 0.646512 0.305556 0.269767 0.085185
2 0.512791 0.477778 0.206977 0.096296
2 0.659302 0.479630 0.081395 0.092593
2 0.756977 0.481481 0.109302 0.096296
2 0.890698 0.490741 0.158140 0.107407
3 0.720930 0.585185 0.223256 0.096296
4 0.646512 0.753704 0.093023 0.077778
4 0.746512 0.766667 0.102326 0.081481
4 0.704651 0.851852 0.106977 0.074074
4 0.789535 0.848148 0.058140 0.066667
4 0.873256 0.848148 0.104651 0.096296
4 0.282558 0.940741 0.137209 0.088889
4 0.418605 0.933333 0.120930 0.096296
4 0.518605 0.940741 0.083721 0.096296
4 0.601163 0.929630 0.086047 0.081481
4 0.708140 0.935185 0.127907 0.077778
4 0.838372 0.929630 0.123256 0.074074
4 0.943023 0.931481 0.081395 0.077778
