0 0.161628 0.648148 0.220930 0.496296
1 0.630233 0.272222 0.265116 0.092593
2 0.545349 0.366667 0.216279 0.096296
2 0.708140 0.364815 0.123256 0.092593
2 0.840698 0.375926 0.146512 0.100000
3 0.700000 0.559259 0.213953 0.081481
4 0.387209 0.742593 0.058140 0.077778
4 0.482558 0.738889 0.132558 0.085185
4 0.579070 0.738889 0.055814 0.085185
4 0.660465 0.742593 0.093023 0.077778
4 0.740698 0.735185 0.072093 0.077778
4 0.822093 0.735185 0.090698 0.085185
4 0.384884 0.912963 0.062791 0.085185
4 0.476744 0.911111 0.125581 0.088889
4 0.575581 0.911111 0.062791 0.088889
4 0.656977 0.911111 0.100000 0.081481
4 0.738372 0.903704 0.067442 0.081481
4 0.817442 0.909259 0.095349 0.077778
