0 0.174419 0.644444 0.246512 0.496296
1 0.656977 0.279630 0.272093 0.092593
2 0.574419 0.375926 0.065116 0.100000
2 0.680233 0.375926 0.146512 0.100000
2 0.804651 0.379630 0.102326 0.100000
3 0.723256 0.562963 0.200000 0.074074
4 0.574419 0.646296 0.074419 0.077778
4 0.645349 0.644444 0.081395 0.074074
4 0.731395 0.653704 0.095349 0.085185
4 0.811628 0.650000 0.060465 0.077778
4 0.465116 0.735185 0.060465 0.077778
4 0.556977 0.735185 0.123256 0.092593
4 0.686047 0.742593 0.130233 0.085185
4 0.802326 0.742593 0.102326 0.085185
4 0.674419 0.816667 0.065116 0.070370
4 0.746512 0.816667 0.079070 0.070370
4 0.820930 0.816667 0.065116 0.070370
4 0.512791 0.903704 0.081395 0.074074
4 0.589535 0.905556 0.067442 0.077778
4 0.667442 0.905556 0.079070 0.077778
4 0.762791 0.903704 0.097674 0.081481
