0 0.173256 0.659259 0.220930 0.466667
1 0.679070 0.283333 0.362791 0.122222
2 0.561628 0.385185 0.183721 0.096296
2 0.718605 0.398148 0.093023 0.107407
2 0.841860 0.398148 0.116279 0.100000
3 0.702326 0.553704 0.316279 0.100000
4 0.690698 0.651852 0.097674 0.088889
4 0.818605 0.646296 0.125581 0.077778
4 0.374419 0.733333 0.102326 0.096296
4 0.484884 0.740741 0.086047 0.088889
4 0.590698 0.733333 0.116279 0.096296
4 0.747674 0.742593 0.160465 0.092593
4 0.906977 0.740741 0.125581 0.081481
4 0.674419 0.829630 0.120930 0.081481
4 0.840698 0.827778 0.174419 0.085185
4 0.966279 0.831481 0.067442 0.100000
4 0.374419 0.916667 0.093023 0.100000
4 0.489535 0.903704 0.095349 0.088889
4 0.587209 0.912963 0.062791 0.092593
4 0.701163 0.903704 0.132558 0.088889
4 0.801163 0.911111 0.039535 0.081481
4 0.889535 0.918519 0.100000 0.088889
