0 0.168605 0.670370 0.234884 0.503704
1 0.682558 0.292593 0.360465 0.103704
2 0.539535 0.403704 0.190698 0.103704
2 0.695349 0.407407 0.097674 0.111111
2 0.816279 0.403704 0.106977 0.096296
3 0.741860 0.577778 0.302326 0.103704
4 0.743023 0.666667 0.132558 0.088889
4 0.874419 0.672222 0.111628 0.085185
4 0.426744 0.759259 0.090698 0.088889
4 0.577907 0.764815 0.174419 0.092593
4 0.740698 0.762963 0.146512 0.096296
4 0.863953 0.768519 0.081395 0.077778
4 0.750000 0.853704 0.132558 0.077778
4 0.880233 0.857407 0.113953 0.085185
4 0.427907 0.935185 0.083721 0.092593
4 0.576744 0.938889 0.186047 0.100000
4 0.747674 0.942593 0.141860 0.100000
4 0.872093 0.938889 0.083721 0.077778
