0 0.179070 0.644444 0.241860 0.474074
1 0.687209 0.283333 0.346512 0.107407
2 0.601163 0.372222 0.202326 0.085185
2 0.756977 0.374074 0.109302 0.081481
2 0.852326 0.370370 0.072093 0.081481
3 0.713953 0.557407 0.209302 0.077778
4 0.677907 0.642593 0.048837 0.077778
4 0.733721 0.640741 0.072093 0.074074
4 0.802326 0.642593 0.060465 0.070370
4 0.422093 0.731481 0.048837 0.070370
4 0.486047 0.733333 0.074419 0.081481
4 0.552326 0.735185 0.062791 0.077778
4 0.608140 0.731481 0.044186 0.070370
4 0.673256 0.733333 0.090698 0.081481
4 0.793023 0.738889 0.148837 0.085185
4 0.729070 0.811111 0.044186 0.074074
4 0.787209 0.814815 0.072093 0.066667
4 0.854651 0.812963 0.062791 0.070370
4 0.420930 0.900000 0.055814 0.066667
4 0.481395 0.898148 0.069767 0.077778
4 0.548837 0.900000 0.065116 0.074074
4 0.604651 0.898148 0.041860 0.070370
4 0.674419 0.896296 0.088372 0.074074
4 0.790698 0.900000 0.153488 0.081481
