0 0.179070 0.657407 0.237209 0.470370
1 0.634884 0.303704 0.260465 0.081481
2 0.545349 0.401852 0.076744 0.100000
2 0.647674 0.401852 0.127907 0.100000
2 0.791860 0.400000 0.151163 0.103704
3 0.702326 0.583333 0.195349 0.085185
4 0.668605 0.668519 0.067442 0.085185
4 0.776744 0.670370 0.134884 0.096296
4 0.734884 0.840741 0.083721 0.088889
4 0.817442 0.840741 0.072093 0.088889
4 0.873256 0.842593 0.034884 0.077778
4 0.279070 0.914815 0.051163 0.074074
4 0.366279 0.914815 0.123256 0.074074
4 0.468605 0.920370 0.086047 0.077778
4 0.565116 0.916667 0.097674 0.077778
4 0.680233 0.920370 0.123256 0.085185
4 0.796512 0.920370 0.104651 0.085185
4 0.908140 0.922222 0.118605 0.088889
