0 0.162791 0.659259 0.237209 0.488889
1 0.639535 0.292593 0.269767 0.096296
2 0.562791 0.390741 0.186047 0.085185
2 0.724419 0.390741 0.155814 0.092593
2 0.861628 0.392593 0.118605 0.088889
3 0.718605 0.579630 0.209302 0.077778
4 0.616279 0.666667 0.065116 0.088889
4 0.684884 0.668519 0.062791 0.077778
4 0.752326 0.668519 0.072093 0.070370
4 0.848837 0.668519 0.120930 0.085185
4 0.734884 0.853704 0.097674 0.092593
4 0.848837 0.848148 0.130233 0.081481
4 0.379070 0.944444 0.069767 0.088889
4 0.458140 0.938889 0.088372 0.077778
4 0.540698 0.931481 0.086047 0.077778
4 0.629070 0.938889 0.095349 0.077778
4 0.717442 0.938889 0.095349 0.085185
4 0.839535 0.940741 0.144186 0.096296
