0 0.172093 0.657407 0.241860 0.500000
1 0.654651 0.301852 0.262791 0.085185
2 0.552326 0.394444 0.086047 0.085185
2 0.651163 0.401852 0.106977 0.085185
2 0.795349 0.398148 0.181395 0.092593
3 0.726744 0.581481 0.202326 0.074074
4 0.675581 0.674074 0.151163 0.081481
4 0.801163 0.674074 0.095349 0.081481
4 0.879070 0.675926 0.060465 0.077778
4 0.509302 0.755556 0.088372 0.074074
4 0.608140 0.755556 0.113953 0.074074
4 0.704651 0.755556 0.079070 0.081481
4 0.779070 0.753704 0.069767 0.077778
4 0.729070 0.846296 0.151163 0.077778
4 0.852326 0.851852 0.100000 0.088889
4 0.929070 0.851852 0.053488 0.074074
4 0.508140 0.927778 0.086047 0.070370
4 0.608140 0.929630 0.113953 0.074074
4 0.698837 0.927778 0.076744 0.070370
4 0.773256 0.929630 0.072093 0.066667
