0 0.182558 0.662963 0.239535 0.481481
1 0.647674 0.329630 0.262791 0.088889
2 0.529070 0.422222 0.202326 0.103704
2 0.715116 0.418519 0.174419 0.103704
2 0.877907 0.420370 0.155814 0.100000
3 0.718605 0.594444 0.218605 0.077778
4 0.672093 0.675926 0.102326 0.092593
4 0.788372 0.681481 0.120930 0.081481
4 0.589535 0.770370 0.086047 0.088889
4 0.674419 0.766667 0.088372 0.081481
4 0.751163 0.768519 0.060465 0.077778
4 0.843023 0.775926 0.123256 0.085185
4 0.743023 0.846296 0.081395 0.085185
4 0.815116 0.851852 0.062791 0.088889
4 0.866279 0.848148 0.039535 0.074074
4 0.912791 0.931481 0.118605 0.100000
4 0.823256 0.935185 0.060465 0.077778
4 0.745349 0.933333 0.090698 0.088889
4 0.665116 0.925926 0.079070 0.088889
4 0.560465 0.929630 0.125581 0.088889
4 0.450000 0.924074 0.100000 0.092593
