0 0.166279 0.664815 0.234884 0.485185
1 0.641860 0.290741 0.260465 0.085185
2 0.513953 0.394444 0.181395 0.092593
2 0.648837 0.400000 0.083721 0.096296
2 0.744186 0.392593 0.102326 0.088889
2 0.882558 0.394444 0.174419 0.100000
3 0.708140 0.574074 0.211628 0.096296
4 0.640698 0.659259 0.062791 0.081481
4 0.732558 0.664815 0.116279 0.077778
4 0.830233 0.664815 0.079070 0.077778
4 0.672093 0.748148 0.093023 0.088889
4 0.787209 0.751852 0.141860 0.096296
4 0.702326 0.838889 0.093023 0.085185
4 0.779070 0.838889 0.069767 0.077778
4 0.869767 0.840741 0.120930 0.096296
4 0.293023 0.918519 0.037209 0.066667
4 0.354651 0.920370 0.090698 0.085185
4 0.447674 0.918519 0.081395 0.081481
4 0.527907 0.918519 0.065116 0.074074
4 0.613953 0.920370 0.125581 0.085185
4 0.708140 0.922222 0.076744 0.081481
4 0.793023 0.918519 0.088372 0.074074
4 0.903488 0.918519 0.132558 0.088889
