0 0.182558 0.646296 0.225581 0.462963
1 0.647674 0.303704 0.258140 0.088889
2 0.579070 0.398148 0.079070 0.092593
2 0.661628 0.400000 0.090698 0.088889
2 0.777907 0.398148 0.141860 0.092593
3 0.713953 0.575926 0.195349 0.077778
4 0.700000 0.666667 0.102326 0.081481
4 0.800000 0.659259 0.088372 0.074074
4 0.486047 0.746296 0.079070 0.077778
4 0.584884 0.751852 0.127907 0.081481
4 0.686047 0.746296 0.079070 0.077778
4 0.775581 0.748148 0.095349 0.074074
4 0.766279 0.827778 0.090698 0.077778
4 0.839535 0.831481 0.060465 0.070370
4 0.391860 0.912963 0.076744 0.077778
4 0.479070 0.911111 0.097674 0.081481
4 0.568605 0.909259 0.076744 0.070370
4 0.674419 0.916667 0.120930 0.092593
4 0.774419 0.911111 0.079070 0.088889
4 0.861628 0.912963 0.100000 0.077778
