0 0.163953 0.664815 0.234884 0.492593
1 0.674419 0.292593 0.372093 0.111111
2 0.567442 0.400000 0.139535 0.096296
2 0.684884 0.398148 0.090698 0.092593
2 0.796512 0.400000 0.123256 0.096296
3 0.694186 0.581481 0.220930 0.096296
4 0.674419 0.679630 0.125581 0.092593
4 0.786047 0.674074 0.111628 0.081481
4 0.701163 0.844444 0.165116 0.088889
4 0.818605 0.848148 0.074419 0.081481
4 0.896512 0.846296 0.081395 0.077778
4 0.330233 0.927778 0.093023 0.092593
4 0.458140 0.937037 0.148837 0.096296
4 0.556977 0.931481 0.039535 0.077778
4 0.612791 0.935185 0.076744 0.092593
4 0.679070 0.931481 0.074419 0.077778
4 0.751163 0.929630 0.065116 0.081481
4 0.817442 0.935185 0.076744 0.092593
4 0.912791 0.929630 0.113953 0.088889
