0 0.174419 0.653704 0.227907 0.470370
1 0.689535 0.285185 0.346512 0.103704
2 0.596512 0.390741 0.160465 0.092593
2 0.751163 0.403704 0.125581 0.103704
2 0.903488 0.394444 0.151163 0.085185
3 0.695349 0.553704 0.288372 0.100000
4 0.651163 0.661111 0.148837 0.077778
4 0.801163 0.657407 0.113953 0.092593
4 0.630233 0.742593 0.111628 0.092593
4 0.736047 0.742593 0.090698 0.085185
4 0.738372 0.829630 0.151163 0.081481
4 0.882558 0.829630 0.113953 0.088889
4 0.515116 0.905556 0.095349 0.085185
4 0.631395 0.907407 0.113953 0.088889
4 0.736047 0.909259 0.090698 0.077778
4 0.843023 0.907407 0.090698 0.081481
4 0.839535 0.742593 0.102326 0.077778
