0 0.160465 0.666667 0.255814 0.511111
1 0.656977 0.274074 0.258140 0.081481
2 0.556977 0.381481 0.193023 0.103704
2 0.723256 0.377778 0.134884 0.096296
2 0.866279 0.379630 0.146512 0.107407
3 0.727907 0.568519 0.213953 0.092593
4 0.648837 0.655556 0.060465 0.074074
4 0.740698 0.657407 0.123256 0.077778
4 0.847674 0.655556 0.086047 0.081481
4 0.441860 0.759259 0.134884 0.088889
4 0.551163 0.755556 0.079070 0.081481
4 0.647674 0.755556 0.113953 0.081481
4 0.739535 0.750000 0.079070 0.077778
4 0.844186 0.751852 0.125581 0.081481
4 0.700000 0.837037 0.065116 0.074074
4 0.797674 0.838889 0.130233 0.070370
4 0.902326 0.835185 0.079070 0.077778
4 0.437209 0.933333 0.134884 0.081481
4 0.543023 0.927778 0.076744 0.077778
4 0.639535 0.929630 0.111628 0.081481
4 0.734884 0.924074 0.079070 0.077778
4 0.838372 0.925926 0.123256 0.088889
