0 0.183721 0.650000 0.218605 0.448148
1 0.624419 0.316667 0.272093 0.092593
2 0.546512 0.401852 0.139535 0.085185
2 0.667442 0.405556 0.111628 0.092593
2 0.790698 0.403704 0.153488 0.096296
3 0.696512 0.575926 0.206977 0.077778
4 0.684884 0.662963 0.104651 0.074074
4 0.773256 0.661111 0.076744 0.070370
4 0.662791 0.742593 0.106977 0.077778
4 0.776744 0.748148 0.125581 0.081481
4 0.718605 0.829630 0.120930 0.081481
4 0.818605 0.829630 0.074419 0.081481
4 0.870930 0.829630 0.034884 0.081481
4 0.323256 0.905556 0.060465 0.077778
4 0.411628 0.909259 0.130233 0.077778
4 0.518605 0.911111 0.074419 0.081481
4 0.604651 0.907407 0.097674 0.088889
4 0.690698 0.909259 0.079070 0.077778
4 0.780233 0.911111 0.095349 0.096296
4 0.890698 0.905556 0.125581 0.092593
