0 0.181395 0.657407 0.232558 0.477778
1 0.613953 0.281481 0.265116 0.088889
2 0.548837 0.392593 0.204651 0.088889
2 0.723256 0.388889 0.148837 0.096296
2 0.859302 0.385185 0.113953 0.096296
3 0.681395 0.564815 0.209302 0.085185
4 0.647674 0.651852 0.081395 0.081481
4 0.748837 0.655556 0.125581 0.088889
4 0.439535 0.740741 0.074419 0.074074
4 0.520930 0.742593 0.088372 0.085185
4 0.626744 0.744444 0.127907 0.096296
4 0.741860 0.746296 0.093023 0.092593
4 0.698837 0.829630 0.086047 0.081481
4 0.800000 0.835185 0.125581 0.092593
4 0.434884 0.909259 0.069767 0.092593
4 0.512791 0.907407 0.090698 0.088889
4 0.625581 0.920370 0.125581 0.092593
4 0.737209 0.916667 0.106977 0.092593
