0 0.184884 0.662963 0.216279 0.459259
1 0.646512 0.292593 0.260465 0.081481
2 0.567442 0.403704 0.181395 0.088889
2 0.720930 0.403704 0.120930 0.096296
2 0.850000 0.409259 0.137209 0.092593
3 0.663953 0.574074 0.193023 0.081481
4 0.711628 0.668519 0.111628 0.077778
4 0.801163 0.661111 0.067442 0.085185
4 0.533721 0.753704 0.113953 0.085185
4 0.647674 0.751852 0.113953 0.088889
4 0.751163 0.750000 0.088372 0.077778
4 0.840698 0.746296 0.090698 0.085185
4 0.740698 0.837037 0.113953 0.081481
4 0.829070 0.833333 0.067442 0.074074
4 0.516279 0.916667 0.116279 0.092593
4 0.627907 0.912963 0.111628 0.085185
4 0.732558 0.911111 0.093023 0.081481
4 0.823256 0.907407 0.093023 0.081481
