0 0.25462962962962965 0.053086419753086415 0.031481481481481485 0.03209876543209877
1 0.737962962962963 0.06296296296296296 0.031481481481481485 0.03209876543209877
3 0.737037037037037 0.4728395061728395 0.02962962962962963 0.04197530864197531
2 0.23611111111111113 0.45185185185185184 0.03518518518518519 0.03950617283950617
2 0.22685185185185186 0.9604938271604938 0.03518518518518519 0.04938271604938271
3 0.7472222222222222 0.9728395061728395 0.03518518518518519 0.03950617283950617
1 0.7342592592592593 0.5358024691358024 0.031481481481481485 0.044444444444444446
0 0.23611111111111113 0.5320987654320988 0.02777777777777778 0.037037037037037035
5 0.3138888888888889 0.6185185185185185 0.08703703703703704 0.1259259259259259
5 0.325 0.13209876543209875 0.08703703703703704 0.11604938271604938
4 0.4898148148148148 0.26296296296296295 0.5240740740740741 0.45185185185185184
4 0.48333333333333334 0.754320987654321 0.5481481481481482 0.47160493827160493
