0 0.06583333333333334 0.36984126984126986 0.03166666666666667 0.047619047619047616
1 0.47250000000000003 0.41904761904761906 0.025 0.044444444444444446
3 0.455 0.8952380952380953 0.02666666666666667 0.050793650793650794
2 0.0575 0.8412698412698413 0.028333333333333335 0.044444444444444446
5 0.12916666666666668 0.4793650793650794 0.06833333333333334 0.13333333333333333
4 0.26333333333333336 0.6253968253968254 0.43333333333333335 0.5587301587301587
0 0.5225000000000001 0.40634920634920635 0.028333333333333335 0.044444444444444446
1 0.9333333333333333 0.40476190476190477 0.02666666666666667 0.04126984126984127
2 0.5325000000000001 0.8793650793650793 0.03166666666666667 0.05714285714285714
5 0.5925 0.5158730158730159 0.06833333333333334 0.13015873015873017
4 0.7283333333333334 0.6444444444444445 0.43000000000000005 0.5142857142857142
