0 0.04875 0.18777777777777777 0.0125 0.013333333333333332
1 0.18958333333333335 0.18055555555555555 0.0125 0.014444444444444444
3 0.19125 0.3005555555555556 0.010833333333333334 0.01
2 0.04875 0.30722222222222223 0.009166666666666667 0.01
5 0.07208333333333333 0.21055555555555555 0.02416666666666667 0.03
4 0.11958333333333335 0.245 0.15083333333333335 0.13444444444444445
5 0.24250000000000002 0.2061111111111111 0.023333333333333334 0.03222222222222222
5 0.42791666666666667 0.20777777777777778 0.022500000000000003 0.03333333333333333
5 0.24791666666666667 0.3705555555555556 0.022500000000000003 0.03222222222222222
5 0.0575 0.36277777777777775 0.025 0.03222222222222222
0 0.22 0.1811111111111111 0.008333333333333333 0.011111111111111112
1 0.36208333333333337 0.17944444444444443 0.010833333333333334 0.01
3 0.36250000000000004 0.3005555555555556 0.01 0.012222222222222223
2 0.21875000000000003 0.3016666666666667 0.010833333333333334 0.012222222222222223
0 0.40458333333333335 0.18222222222222223 0.010833333333333334 0.011111111111111112
1 0.54625 0.18166666666666667 0.010833333333333334 0.01
3 0.5466666666666667 0.30333333333333334 0.01 0.011111111111111112
2 0.4033333333333334 0.30444444444444446 0.011666666666666667 0.011111111111111112
0 0.035 0.3388888888888889 0.01 0.008888888888888889
1 0.17666666666666667 0.33555555555555555 0.011666666666666667 0.008888888888888889
3 0.17625000000000002 0.45666666666666667 0.010833333333333334 0.011111111111111112
2 0.03166666666666667 0.4588888888888889 0.01 0.013333333333333332
4 0.10416666666666667 0.3988888888888889 0.15333333333333335 0.13111111111111112
4 0.11833333333333335 0.2427777777777778 0.15166666666666667 0.13444444444444445
4 0.28958333333333336 0.24055555555555555 0.1525 0.12777777777777777
4 0.47458333333333336 0.24388888888888888 0.1525 0.13444444444444445
4 0.29375 0.40944444444444444 0.15416666666666667 0.1411111111111111
0 0.22458333333333336 0.3438888888888889 0.010833333333333334 0.014444444444444444
1 0.37041666666666667 0.3522222222222222 0.0125 0.013333333333333332
3 0.36541666666666667 0.47444444444444445 0.014166666666666668 0.013333333333333332
2 0.21958333333333335 0.4633333333333333 0.0125 0.013333333333333332
