0 0.6043010752688172 0.29032258064516125 0.021505376344086023 0.04032258064516129
1 0.9516129032258065 0.3850806451612903 0.023655913978494623 0.03629032258064516
2 0.5688172043010753 0.6491935483870968 0.02795698924731183 0.04838709677419355
5 0.6494623655913978 0.3790322580645161 0.06021505376344086 0.10483870967741934
4 0.7569892473118279 0.5161290322580645 0.4 0.49193548387096775
1 0.3989247311827957 0.3165322580645161 0.02795698924731183 0.04435483870967742
0 0.05161290322580645 0.5544354838709677 0.03010752688172043 0.05241935483870967
3 0.489247311827957 0.6733870967741935 0.02795698924731183 0.04838709677419355
5 0.13870967741935483 0.592741935483871 0.07096774193548387 0.11290322580645161
4 0.26881720430107525 0.6209677419354839 0.44731182795698926 0.6451612903225806
