3 0.8130000000000001 0.7113636363636363 0.022 0.02878787878787879
1 0.8270000000000001 0.4537878787878788 0.022 0.02878787878787879
2 0.5085000000000001 0.6643939393939394 0.023 0.025757575757575757
4 0.67 0.5825757575757575 0.336 0.28939393939393937
4 0.7030000000000001 0.8515151515151516 0.34 0.29393939393939394
5 0.5925 0.7727272727272727 0.055 0.07272727272727272
1 0.8585 0.7166666666666667 0.025 0.030303030303030304
0 0.5455 0.7159090909090909 0.021 0.031818181818181815
3 0.865 0.9863636363636363 0.032 0.024242424242424242
2 0.54 0.9848484848484849 0.022 0.02727272727272727
