0 0.17800000000000002 0.5223123732251521 0.007200000000000001 0.010141987829614604
1 0.2748 0.5344827586206896 0.0088 0.008113590263691683
3 0.2716 0.6201825557809331 0.0088 0.007099391480730223
5 0.1928 0.5405679513184584 0.0176 0.02434077079107505
4 0.22440000000000002 0.5709939148073022 0.1032 0.10141987829614604
1 0.9548000000000001 0.036511156186612576 0.0216 0.02636916835699797
3 0.9840000000000001 0.3037525354969574 0.0256 0.02738336713995943
2 0.6212 0.30831643002028397 0.024800000000000003 0.02434077079107505
5 0.6904 0.09989858012170386 0.0512 0.063894523326572
4 0.7996000000000001 0.16987829614604463 0.38480000000000003 0.28904665314401623
