0 0.24755859375 0.7890625 0.017578125 0.024739583333333332
1 0.3505859375 0.5084635416666666 0.0224609375 0.020833333333333332
3 0.473876953125 0.580078125 0.02392578125 0.024739583333333332
2 0.3798828125 0.8684895833333333 0.0224609375 0.020833333333333332
5 0.292236328125 0.7555338541666666 0.04345703125 0.056640625
4 0.35986328125 0.6884765625 0.2412109375 0.37955729166666663
5 0.55322265625 0.2998046875 0.0341796875 0.04622395833333333
0 0.53076171875 0.255859375 0.0185546875 0.018229166666666664
1 0.728271484375 0.3479817708333333 0.02099609375 0.022786458333333332
3 0.688720703125 0.5084635416666666 0.02392578125 0.026041666666666664
2 0.48388671875 0.40885416666666663 0.01953125 0.02734375
4 0.6064453125 0.3837890625 0.251953125 0.2688802083333333
0 0.6669921875 0.5914713541666666 0.025390625 0.022786458333333332
1 0.879638671875 0.7347005208333333 0.02294921875 0.027994791666666664
3 0.82421875 0.91796875 0.0244140625 0.026041666666666664
2 0.6064453125 0.7607421875 0.0224609375 0.025390625
5 0.689453125 0.6458333333333333 0.041015625 0.0546875
4 0.7431640625 0.7545572916666666 0.2802734375 0.34375
