0 0.044921875 0.148989898989899 0.0234375 0.05555555555555556
1 0.478515625 0.14646464646464646 0.0234375 0.05050505050505051
3 0.482421875 0.8282828282828284 0.0234375 0.05050505050505051
2 0.046875 0.8484848484848485 0.01953125 0.05050505050505051
5 0.119140625 0.297979797979798 0.0703125 0.18181818181818182
4 0.263671875 0.5 0.453125 0.7474747474747475
5 0.6181640625 0.297979797979798 0.068359375 0.18181818181818182
0 0.548828125 0.15151515151515152 0.0234375 0.05050505050505051
1 0.966796875 0.1691919191919192 0.0234375 0.05555555555555556
3 0.9658203125 0.8484848484848485 0.021484375 0.05050505050505051
2 0.546875 0.8257575757575758 0.0234375 0.05555555555555556
4 0.7548828125 0.5 0.435546875 0.7373737373737375
