0 0.169767 0.635185 0.241860 0.492593
1 0.686047 0.292593 0.395349 0.081481
2 0.506977 0.374074 0.074419 0.088889
2 0.605814 0.392593 0.090698 0.111111
2 0.716279 0.385185 0.097674 0.103704
3 0.725581 0.551852 0.279070 0.088889
4 0.648837 0.637037 0.139535 0.088889
4 0.797674 0.637037 0.134884 0.081481
4 0.482558 0.737037 0.067442 0.118519
4 0.580233 0.725926 0.095349 0.088889
4 0.697674 0.731481 0.097674 0.070370
4 0.800000 0.729630 0.111628 0.096296
4 0.680233 0.818519 0.132558 0.088889
4 0.830233 0.822222 0.139535 0.074074
4 0.488372 0.914815 0.074419 0.111111
4 0.588372 0.905556 0.102326 0.085185
4 0.705814 0.911111 0.104651 0.081481
4 0.833721 0.914815 0.132558 0.096296
