0 0.177907 0.659259 0.225581 0.466667
1 0.629070 0.303704 0.267442 0.096296
2 0.532558 0.401852 0.172093 0.100000
2 0.711628 0.394444 0.176744 0.085185
2 0.853488 0.390741 0.102326 0.092593
3 0.705814 0.575926 0.211628 0.085185
4 0.682558 0.662963 0.113953 0.096296
4 0.777907 0.657407 0.086047 0.085185
4 0.744186 0.829630 0.065116 0.074074
4 0.798837 0.825926 0.034884 0.081481
4 0.830233 0.820370 0.023256 0.085185
4 0.360465 0.916667 0.037209 0.070370
4 0.438372 0.914815 0.118605 0.088889
4 0.548837 0.912963 0.102326 0.085185
4 0.645349 0.911111 0.086047 0.088889
4 0.732558 0.914815 0.088372 0.088889
4 0.833721 0.905556 0.104651 0.085185
4 0.923256 0.901852 0.069767 0.085185
