0 0.177907 0.651852 0.225581 0.466667
1 0.650000 0.300000 0.258140 0.088889
2 0.556977 0.394444 0.062791 0.100000
2 0.643023 0.396296 0.100000 0.103704
2 0.783721 0.400000 0.176744 0.096296
3 0.723256 0.570370 0.195349 0.074074
4 0.691860 0.657407 0.090698 0.077778
4 0.795349 0.657407 0.106977 0.077778
4 0.516279 0.744444 0.079070 0.096296
4 0.605814 0.740741 0.104651 0.081481
4 0.697674 0.742593 0.074419 0.077778
4 0.772093 0.737037 0.069767 0.081481
4 0.733721 0.822222 0.090698 0.074074
4 0.843023 0.824074 0.127907 0.085185
4 0.506977 0.900000 0.088372 0.088889
4 0.601163 0.905556 0.109302 0.077778
4 0.694186 0.901852 0.076744 0.085185
4 0.766279 0.898148 0.076744 0.085185
