0 0.163953 0.659259 0.239535 0.503704
1 0.660465 0.281481 0.265116 0.081481
2 0.475581 0.464815 0.202326 0.092593
2 0.620930 0.459259 0.079070 0.096296
2 0.704651 0.468519 0.088372 0.085185
2 0.834884 0.470370 0.167442 0.096296
3 0.738372 0.568519 0.216279 0.077778
4 0.726744 0.661111 0.123256 0.085185
4 0.497674 0.748148 0.106977 0.074074
4 0.829070 0.664815 0.076744 0.085185
4 0.616279 0.750000 0.125581 0.077778
4 0.737209 0.755556 0.102326 0.081481
4 0.820930 0.753704 0.065116 0.062963
4 0.770930 0.837037 0.090698 0.066667
4 0.847674 0.842593 0.062791 0.070370
4 0.896512 0.846296 0.034884 0.077778
4 0.398837 0.925926 0.127907 0.074074
4 0.503488 0.925926 0.076744 0.081481
4 0.596512 0.925926 0.104651 0.081481
4 0.716279 0.924074 0.130233 0.077778
4 0.838372 0.931481 0.104651 0.085185
4 0.926744 0.931481 0.072093 0.070370
