0 0.152326 0.662963 0.244186 0.525926
1 0.625581 0.288889 0.279070 0.088889
2 0.554651 0.398148 0.104651 0.100000
2 0.643023 0.398148 0.072093 0.100000
2 0.754651 0.394444 0.151163 0.092593
3 0.698837 0.588889 0.113953 0.074074
4 0.684884 0.681481 0.104651 0.081481
4 0.776744 0.681481 0.079070 0.081481
4 0.386047 0.775926 0.069767 0.085185
4 0.437209 0.783333 0.027907 0.070370
4 0.498837 0.785185 0.095349 0.081481
4 0.604651 0.781481 0.111628 0.074074
4 0.700000 0.775926 0.074419 0.077778
4 0.800000 0.777778 0.125581 0.088889
4 0.717442 0.864815 0.072093 0.085185
4 0.793023 0.861111 0.083721 0.077778
4 0.859302 0.859259 0.048837 0.081481
4 0.327907 0.948148 0.102326 0.081481
4 0.425581 0.950000 0.088372 0.085185
4 0.501163 0.950000 0.062791 0.085185
4 0.546512 0.951852 0.027907 0.051852
4 0.609302 0.953704 0.102326 0.085185
4 0.717442 0.948148 0.113953 0.081481
4 0.811628 0.946296 0.074419 0.070370
4 0.913953 0.946296 0.130233 0.085185
