0 0.173256 0.648148 0.234884 0.488889
1 0.620930 0.288889 0.283721 0.096296
2 0.568605 0.390741 0.076744 0.092593
2 0.676744 0.388889 0.144186 0.096296
2 0.784884 0.398148 0.072093 0.085185
3 0.698837 0.577778 0.216279 0.088889
4 0.677907 0.666667 0.095349 0.074074
4 0.775581 0.670370 0.095349 0.074074
4 0.732558 0.840741 0.181395 0.081481
4 0.869767 0.842593 0.079070 0.085185
4 0.383721 0.916667 0.106977 0.077778
4 0.486047 0.920370 0.083721 0.077778
4 0.572093 0.920370 0.088372 0.070370
4 0.665116 0.924074 0.088372 0.077778
4 0.763953 0.924074 0.109302 0.092593
4 0.853488 0.924074 0.074419 0.070370
