0 0.172093 0.666667 0.241860 0.496296
1 0.662791 0.300000 0.265116 0.081481
2 0.575581 0.401852 0.206977 0.107407
2 0.726744 0.400000 0.095349 0.096296
2 0.863953 0.400000 0.188372 0.088889
3 0.745349 0.587037 0.216279 0.077778
4 0.695349 0.670370 0.079070 0.074074
4 0.804651 0.674074 0.139535 0.088889
4 0.755814 0.844444 0.144186 0.088889
4 0.855814 0.838889 0.055814 0.085185
4 0.919767 0.840741 0.072093 0.081481
4 0.386047 0.940741 0.148837 0.088889
4 0.477907 0.931481 0.034884 0.085185
4 0.543023 0.925926 0.104651 0.088889
4 0.636047 0.929630 0.086047 0.088889
4 0.702326 0.929630 0.051163 0.081481
4 0.759302 0.929630 0.062791 0.081481
4 0.808140 0.929630 0.030233 0.044444
4 0.873256 0.931481 0.104651 0.092593
4 0.959302 0.918519 0.076744 0.074074
