0 0.172093 0.662963 0.246512 0.511111
1 0.658140 0.292593 0.265116 0.074074
2 0.587209 0.394444 0.206977 0.114815
2 0.750000 0.390741 0.118605 0.107407
2 0.870930 0.390741 0.123256 0.100000
3 0.727907 0.566667 0.218605 0.088889
4 0.701163 0.661111 0.095349 0.085185
4 0.804651 0.664815 0.111628 0.092593
4 0.770930 0.831481 0.081395 0.092593
4 0.850000 0.829630 0.086047 0.096296
4 0.408140 0.924074 0.086047 0.070370
4 0.494186 0.922222 0.086047 0.074074
4 0.591860 0.922222 0.090698 0.066667
4 0.672093 0.922222 0.074419 0.081481
4 0.754651 0.922222 0.086047 0.081481
4 0.853488 0.920370 0.111628 0.085185
