0 0.168605 0.662963 0.248837 0.511111
1 0.636047 0.307407 0.262791 0.081481
2 0.543023 0.412963 0.151163 0.077778
2 0.672093 0.407407 0.106977 0.088889
2 0.811628 0.405556 0.172093 0.092593
3 0.704651 0.594444 0.209302 0.077778
4 0.668605 0.681481 0.053488 0.088889
4 0.761628 0.681481 0.123256 0.088889
4 0.676744 0.770370 0.065116 0.081481
4 0.759302 0.768519 0.100000 0.077778
4 0.755814 0.851852 0.111628 0.081481
4 0.848837 0.850000 0.074419 0.070370
4 0.460465 0.946296 0.088372 0.085185
4 0.565116 0.944444 0.111628 0.088889
4 0.666279 0.937037 0.076744 0.088889
4 0.765116 0.940741 0.106977 0.088889
