0 0.168605 0.655556 0.225581 0.466667
1 0.633721 0.292593 0.262791 0.088889
2 0.534884 0.387037 0.111628 0.085185
2 0.633721 0.392593 0.090698 0.088889
2 0.777907 0.390741 0.197674 0.092593
3 0.697674 0.574074 0.200000 0.081481
4 0.661628 0.662963 0.109302 0.081481
4 0.782558 0.662963 0.132558 0.088889
4 0.437209 0.751852 0.088372 0.081481
4 0.532558 0.751852 0.097674 0.074074
4 0.644186 0.751852 0.120930 0.081481
4 0.770930 0.753704 0.127907 0.085185
4 0.729070 0.838889 0.151163 0.085185
4 0.855814 0.835185 0.106977 0.077778
4 0.325581 0.924074 0.111628 0.085185
4 0.448837 0.924074 0.139535 0.077778
4 0.565116 0.916667 0.093023 0.070370
4 0.660465 0.914815 0.106977 0.074074
4 0.769767 0.916667 0.125581 0.085185
4 0.900000 0.920370 0.134884 0.100000
