0 0.152326 0.666667 0.234884 0.496296
1 0.674419 0.288889 0.283721 0.088889
2 0.543023 0.396296 0.193023 0.088889
2 0.684884 0.398148 0.090698 0.092593
2 0.805814 0.396296 0.151163 0.088889
2 0.937209 0.394444 0.116279 0.092593
3 0.744186 0.585185 0.213953 0.081481
4 0.709302 0.674074 0.088372 0.074074
4 0.819767 0.674074 0.132558 0.081481
4 0.496512 0.770370 0.090698 0.074074
4 0.597674 0.774074 0.106977 0.088889
4 0.691860 0.768519 0.076744 0.077778
4 0.796512 0.770370 0.132558 0.096296
4 0.670930 0.857407 0.062791 0.077778
4 0.725581 0.855556 0.051163 0.074074
4 0.819767 0.861111 0.141860 0.085185
4 0.945349 0.857407 0.109302 0.092593
4 0.346512 0.940741 0.102326 0.081481
4 0.432558 0.942593 0.065116 0.085185
4 0.524419 0.940741 0.113953 0.088889
4 0.639535 0.944444 0.116279 0.088889
4 0.752326 0.940741 0.113953 0.081481
4 0.852326 0.937037 0.076744 0.081481
4 0.946512 0.946296 0.106977 0.092593
