0 0.180233 0.646296 0.234884 0.485185
1 0.629070 0.292593 0.253488 0.081481
2 0.544186 0.379630 0.204651 0.085185
2 0.712791 0.377778 0.141860 0.096296
2 0.845349 0.388889 0.123256 0.088889
3 0.697674 0.568519 0.204651 0.077778
4 0.396512 0.740741 0.081395 0.074074
4 0.480233 0.742593 0.095349 0.077778
4 0.570930 0.740741 0.081395 0.081481
4 0.645349 0.740741 0.081395 0.088889
4 0.734884 0.746296 0.102326 0.077778
4 0.829070 0.740741 0.095349 0.081481
4 0.396512 0.907407 0.081395 0.074074
4 0.480233 0.905556 0.095349 0.085185
4 0.567442 0.903704 0.079070 0.081481
4 0.646512 0.903704 0.079070 0.081481
4 0.733721 0.903704 0.100000 0.081481
4 0.824419 0.905556 0.090698 0.085185
