0 0.167442 0.662963 0.241860 0.503704
1 0.619767 0.318519 0.258140 0.088889
2 0.544186 0.412963 0.069767 0.085185
2 0.647674 0.424074 0.137209 0.092593
2 0.769767 0.411111 0.106977 0.103704
3 0.703488 0.603704 0.202326 0.096296
4 0.646512 0.688889 0.120930 0.088889
4 0.784884 0.690741 0.155814 0.092593
4 0.427907 0.777778 0.069767 0.088889
4 0.529070 0.781481 0.127907 0.096296
4 0.659302 0.783333 0.127907 0.092593
4 0.779070 0.785185 0.111628 0.088889
4 0.731395 0.870370 0.118605 0.081481
4 0.843023 0.870370 0.100000 0.074074
4 0.429070 0.950000 0.067442 0.077778
4 0.526744 0.953704 0.123256 0.092593
4 0.656977 0.951852 0.127907 0.081481
4 0.770930 0.955556 0.095349 0.088889
