0 0.173256 0.659259 0.225581 0.474074
1 0.645349 0.300000 0.272093 0.088889
2 0.566279 0.401852 0.067442 0.092593
2 0.668605 0.405556 0.141860 0.092593
2 0.796512 0.405556 0.109302 0.092593
3 0.717442 0.585185 0.206977 0.081481
4 0.696512 0.675926 0.086047 0.077778
4 0.793023 0.672222 0.093023 0.077778
4 0.430233 0.774074 0.120930 0.081481
4 0.538372 0.766667 0.100000 0.081481
4 0.640698 0.764815 0.109302 0.077778
4 0.747674 0.768519 0.109302 0.085185
4 0.854651 0.764815 0.100000 0.085185
4 0.732558 0.851852 0.148837 0.096296
4 0.847674 0.857407 0.081395 0.077778
4 0.922093 0.853704 0.062791 0.077778
4 0.454651 0.933333 0.127907 0.081481
4 0.556977 0.937037 0.076744 0.088889
4 0.659302 0.935185 0.127907 0.085185
4 0.758140 0.933333 0.074419 0.081481
4 0.829070 0.931481 0.067442 0.085185
