0 0.148837 0.653704 0.251163 0.507407
1 0.652326 0.298148 0.262791 0.077778
2 0.570930 0.396296 0.113953 0.081481
2 0.688372 0.398148 0.111628 0.092593
2 0.812791 0.394444 0.127907 0.085185
3 0.719767 0.588889 0.202326 0.074074
4 0.695349 0.679630 0.130233 0.077778
4 0.817442 0.681481 0.104651 0.081481
4 0.491860 0.772222 0.137209 0.070370
4 0.608140 0.774074 0.090698 0.081481
4 0.715116 0.772222 0.109302 0.077778
4 0.804651 0.774074 0.069767 0.066667
4 0.748837 0.861111 0.139535 0.085185
4 0.874419 0.861111 0.106977 0.085185
4 0.487209 0.950000 0.137209 0.085185
4 0.603488 0.950000 0.095349 0.077778
4 0.709302 0.950000 0.111628 0.077778
4 0.801163 0.950000 0.072093 0.062963
