0 0.163953 0.672222 0.248837 0.522222
1 0.636047 0.287037 0.267442 0.077778
2 0.470930 0.390741 0.086047 0.085185
2 0.556977 0.392593 0.086047 0.081481
2 0.691860 0.390741 0.179070 0.077778
2 0.862791 0.387037 0.158140 0.100000
3 0.710465 0.574074 0.206977 0.066667
4 0.580233 0.672222 0.146512 0.077778
4 0.693023 0.668519 0.079070 0.070370
4 0.803488 0.668519 0.123256 0.077778
4 0.923256 0.672222 0.116279 0.085185
4 0.445349 0.768519 0.113953 0.077778
4 0.522093 0.770370 0.044186 0.074074
4 0.579070 0.766667 0.069767 0.081481
4 0.646512 0.766667 0.065116 0.081481
4 0.715116 0.764815 0.072093 0.077778
4 0.806977 0.761111 0.111628 0.077778
4 0.773256 0.844444 0.072093 0.088889
4 0.832558 0.846296 0.055814 0.077778
4 0.346512 0.942593 0.079070 0.070370
4 0.432558 0.944444 0.088372 0.074074
4 0.509302 0.938889 0.065116 0.077778
4 0.595349 0.938889 0.102326 0.077778
4 0.705814 0.938889 0.118605 0.085185
4 0.810465 0.933333 0.090698 0.081481
4 0.918605 0.927778 0.125581 0.085185
