0 0.174419 0.653704 0.227907 0.492593
1 0.639535 0.288889 0.260465 0.088889
2 0.619767 0.385185 0.072093 0.103704
2 0.688372 0.387037 0.060465 0.092593
2 0.761628 0.379630 0.076744 0.100000
3 0.708140 0.568519 0.202326 0.085185
4 0.659302 0.655556 0.062791 0.081481
4 0.730233 0.651852 0.079070 0.081481
4 0.806977 0.650000 0.079070 0.085185
4 0.443023 0.746296 0.123256 0.085185
4 0.562791 0.750000 0.102326 0.092593
4 0.655814 0.744444 0.088372 0.081481
4 0.732558 0.737037 0.069767 0.081481
4 0.825581 0.742593 0.120930 0.085185
4 0.716279 0.824074 0.055814 0.070370
4 0.784884 0.822222 0.076744 0.074074
4 0.861628 0.820370 0.076744 0.077778
4 0.441860 0.920370 0.120930 0.077778
4 0.555814 0.920370 0.106977 0.085185
4 0.652326 0.911111 0.090698 0.081481
4 0.731395 0.909259 0.062791 0.077778
4 0.820930 0.911111 0.116279 0.088889
