0 0.173256 0.661111 0.234884 0.470370
1 0.656977 0.305556 0.272093 0.092593
2 0.583721 0.396296 0.209302 0.088889
2 0.751163 0.394444 0.120930 0.085185
3 0.716279 0.577778 0.213953 0.081481
4 0.638372 0.670370 0.127907 0.096296
4 0.746512 0.662963 0.079070 0.081481
4 0.844186 0.662963 0.125581 0.081481
4 0.594186 0.759259 0.127907 0.088889
4 0.705814 0.753704 0.095349 0.077778
4 0.781395 0.842593 0.097674 0.077778
4 0.844186 0.840741 0.032558 0.066667
4 0.327907 0.922222 0.106977 0.081481
4 0.434884 0.925926 0.106977 0.081481
4 0.533721 0.918519 0.095349 0.081481
4 0.647674 0.925926 0.123256 0.088889
4 0.763953 0.925926 0.104651 0.081481
4 0.858140 0.925926 0.083721 0.081481
4 0.936047 0.920370 0.076744 0.085185
