0 0.169767 0.659259 0.232558 0.466667
1 0.663953 0.290741 0.258140 0.092593
2 0.429070 0.488889 0.109302 0.088889
2 0.527907 0.492593 0.083721 0.103704
2 0.658140 0.483333 0.172093 0.092593
2 0.827907 0.487037 0.176744 0.092593
3 0.733721 0.581481 0.206977 0.074074
4 0.574419 0.762963 0.088372 0.088889
4 0.696512 0.768519 0.146512 0.085185
4 0.787209 0.850000 0.118605 0.077778
4 0.877907 0.842593 0.062791 0.077778
4 0.393023 0.937037 0.065116 0.074074
4 0.482558 0.937037 0.118605 0.088889
4 0.612791 0.940741 0.141860 0.088889
4 0.745349 0.935185 0.118605 0.077778
4 0.874419 0.938889 0.139535 0.085185
