0 0.175581 0.668519 0.230233 0.485185
1 0.634884 0.300000 0.265116 0.088889
2 0.534884 0.400000 0.139535 0.096296
2 0.700000 0.401852 0.186047 0.092593
2 0.847674 0.405556 0.109302 0.092593
3 0.704651 0.590741 0.204651 0.085185
4 0.438372 0.764815 0.127907 0.085185
4 0.553488 0.762963 0.102326 0.081481
4 0.650000 0.768519 0.086047 0.077778
4 0.727907 0.764815 0.065116 0.077778
4 0.820930 0.768519 0.120930 0.092593
4 0.729070 0.851852 0.067442 0.088889
4 0.827907 0.848148 0.130233 0.088889
4 0.394186 0.933333 0.090698 0.081481
4 0.481395 0.933333 0.069767 0.088889
4 0.573256 0.933333 0.104651 0.088889
4 0.668605 0.931481 0.086047 0.085185
4 0.746512 0.935185 0.065116 0.077778
4 0.839535 0.937037 0.120930 0.096296
