0 0.166279 0.651852 0.239535 0.496296
1 0.650000 0.287037 0.262791 0.092593
2 0.583721 0.379630 0.093023 0.085185
2 0.687209 0.383333 0.109302 0.085185
2 0.794186 0.381481 0.104651 0.088889
3 0.720930 0.566667 0.209302 0.088889
4 0.641860 0.648148 0.060465 0.074074
4 0.718605 0.651852 0.093023 0.081481
4 0.823256 0.657407 0.116279 0.077778
4 0.430233 0.744444 0.130233 0.074074
4 0.540698 0.746296 0.095349 0.070370
4 0.643023 0.750000 0.113953 0.085185
4 0.759302 0.748148 0.123256 0.081481
4 0.867442 0.750000 0.093023 0.077778
4 0.696512 0.827778 0.058140 0.077778
4 0.770930 0.825926 0.090698 0.074074
4 0.877907 0.835185 0.123256 0.077778
4 0.426744 0.916667 0.127907 0.077778
4 0.534884 0.912963 0.088372 0.070370
4 0.637209 0.909259 0.111628 0.077778
4 0.755814 0.911111 0.120930 0.081481
4 0.861628 0.920370 0.086047 0.077778
