0 0.169767 0.666667 0.232558 0.481481
1 0.640698 0.305556 0.262791 0.085185
2 0.541860 0.401852 0.116279 0.092593
2 0.651163 0.400000 0.102326 0.096296
2 0.791860 0.398148 0.179070 0.092593
3 0.709302 0.583333 0.204651 0.085185
4 0.663953 0.675926 0.086047 0.085185
4 0.779070 0.674074 0.148837 0.088889
4 0.686047 0.848148 0.060465 0.111111
4 0.779070 0.844444 0.125581 0.096296
4 0.889535 0.842593 0.095349 0.092593
4 0.377907 0.938889 0.104651 0.085185
4 0.498837 0.940741 0.132558 0.088889
4 0.615116 0.938889 0.104651 0.085185
4 0.729070 0.937037 0.127907 0.081481
4 0.850000 0.938889 0.109302 0.085185
4 0.945349 0.931481 0.086047 0.077778
