0 0.167442 0.648148 0.227907 0.488889
1 0.654651 0.309259 0.272093 0.100000
2 0.590698 0.411111 0.120930 0.088889
2 0.696512 0.412963 0.090698 0.092593
2 0.810465 0.407407 0.141860 0.088889
3 0.726744 0.594444 0.216279 0.092593
4 0.717442 0.685185 0.109302 0.088889
4 0.804651 0.687037 0.079070 0.077778
4 0.787209 0.853704 0.062791 0.100000
4 0.840698 0.861111 0.034884 0.070370
4 0.389535 0.944444 0.100000 0.096296
4 0.490698 0.940741 0.093023 0.081481
4 0.594186 0.942593 0.113953 0.085185
4 0.701163 0.937037 0.095349 0.081481
4 0.806977 0.940741 0.106977 0.088889
4 0.895349 0.935185 0.074419 0.092593
