0 0.177907 0.661111 0.220930 0.477778
1 0.676744 0.288889 0.255814 0.088889
2 0.524419 0.379630 0.160465 0.092593
2 0.709302 0.377778 0.204651 0.096296
2 0.873256 0.387037 0.123256 0.092593
3 0.743023 0.566667 0.220930 0.074074
4 0.668605 0.661111 0.067442 0.077778
4 0.758140 0.655556 0.116279 0.088889
4 0.860465 0.657407 0.083721 0.092593
4 0.501163 0.751852 0.123256 0.088889
4 0.606977 0.744444 0.093023 0.088889
4 0.718605 0.750000 0.134884 0.077778
4 0.827907 0.748148 0.093023 0.081481
4 0.781395 0.833333 0.074419 0.074074
4 0.861628 0.829630 0.086047 0.074074
4 0.495349 0.920370 0.120930 0.092593
4 0.604651 0.920370 0.088372 0.085185
4 0.717442 0.920370 0.127907 0.085185
4 0.826744 0.916667 0.090698 0.077778
