0 0.172093 0.661111 0.241860 0.507407
1 0.681395 0.281481 0.255814 0.081481
2 0.577907 0.392593 0.211628 0.088889
2 0.777907 0.396296 0.188372 0.096296
2 0.920930 0.396296 0.106977 0.096296
3 0.751163 0.575926 0.213953 0.092593
4 0.697674 0.664815 0.060465 0.077778
4 0.775581 0.666667 0.095349 0.081481
4 0.856977 0.668519 0.072093 0.085185
4 0.411628 0.764815 0.134884 0.085185
4 0.520930 0.764815 0.083721 0.077778
4 0.616279 0.768519 0.116279 0.092593
4 0.722093 0.759259 0.100000 0.074074
4 0.829070 0.757407 0.109302 0.085185
4 0.896512 0.768519 0.020930 0.025926
4 0.946512 0.759259 0.088372 0.074074
4 0.722093 0.848148 0.072093 0.081481
4 0.801163 0.844444 0.086047 0.081481
4 0.882558 0.842593 0.086047 0.085185
4 0.951163 0.844444 0.051163 0.074074
4 0.517442 0.933333 0.132558 0.088889
4 0.630233 0.931481 0.083721 0.077778
4 0.701163 0.927778 0.058140 0.077778
4 0.767442 0.925926 0.069767 0.074074
4 0.838372 0.925926 0.076744 0.081481
