0 0.173256 0.659259 0.220930 0.459259
1 0.669767 0.311111 0.353488 0.111111
2 0.520930 0.488889 0.069767 0.096296
2 0.613953 0.481481 0.097674 0.088889
2 0.760465 0.481481 0.158140 0.096296
3 0.711628 0.572222 0.241860 0.092593
4 0.636047 0.653704 0.067442 0.100000
4 0.741860 0.659259 0.130233 0.074074
4 0.463953 0.742593 0.132558 0.092593
4 0.588372 0.737037 0.097674 0.088889
4 0.698837 0.738889 0.100000 0.092593
4 0.843023 0.744444 0.155814 0.103704
4 0.631395 0.824074 0.081395 0.092593
4 0.743023 0.833333 0.132558 0.081481
4 0.465116 0.922222 0.125581 0.088889
4 0.594186 0.922222 0.118605 0.096296
4 0.695349 0.916667 0.093023 0.092593
4 0.846512 0.916667 0.153488 0.100000
