0 0.162791 0.698148 0.223256 0.433333
1 0.665116 0.359259 0.390698 0.096296
2 0.509302 0.475926 0.069767 0.092593
2 0.586047 0.481481 0.088372 0.096296
2 0.677907 0.481481 0.095349 0.096296
2 0.805814 0.487037 0.151163 0.107407
3 0.701163 0.666667 0.202326 0.088889
4 0.606977 0.744444 0.060465 0.066667
4 0.679070 0.748148 0.065116 0.074074
4 0.746512 0.750000 0.074419 0.077778
4 0.838372 0.753704 0.109302 0.085185
4 0.668605 0.905556 0.109302 0.062963
4 0.760465 0.905556 0.065116 0.055556
4 0.805814 0.909259 0.025581 0.055556
4 0.840698 0.911111 0.034884 0.066667
4 0.922093 0.920370 0.127907 0.070370
4 0.388372 0.968519 0.083721 0.062963
4 0.461628 0.970370 0.076744 0.059259
4 0.540698 0.968519 0.072093 0.062963
4 0.606977 0.968519 0.055814 0.062963
4 0.682558 0.972222 0.067442 0.055556
4 0.754651 0.972222 0.072093 0.055556
4 0.847674 0.975926 0.109302 0.048148
