0 0.177907 0.635185 0.225581 0.514815
1 0.658140 0.296296 0.255814 0.074074
2 0.601163 0.394444 0.197674 0.100000
2 0.755814 0.396296 0.111628 0.096296
2 0.862791 0.396296 0.102326 0.096296
3 0.722093 0.577778 0.206977 0.081481
4 0.687209 0.666667 0.104651 0.074074
4 0.800000 0.670370 0.120930 0.081481
4 0.465116 0.755556 0.106977 0.074074
4 0.590698 0.759259 0.144186 0.088889
4 0.715116 0.751852 0.095349 0.074074
4 0.817442 0.755556 0.109302 0.081481
4 0.738372 0.835185 0.109302 0.077778
4 0.854651 0.840741 0.127907 0.081481
4 0.460465 0.922222 0.102326 0.081481
4 0.586047 0.924074 0.148837 0.085185
4 0.711628 0.925926 0.097674 0.088889
4 0.811628 0.924074 0.102326 0.077778
