0 0.172093 0.642593 0.251163 0.500000
1 0.659302 0.283333 0.272093 0.092593
2 0.576744 0.375926 0.065116 0.100000
2 0.680233 0.375926 0.146512 0.100000
2 0.805814 0.379630 0.104651 0.100000
3 0.725581 0.562963 0.200000 0.074074
4 0.574419 0.648148 0.074419 0.081481
4 0.647674 0.648148 0.081395 0.074074
4 0.732558 0.653704 0.097674 0.085185
4 0.811628 0.651852 0.060465 0.081481
4 0.466279 0.737037 0.058140 0.081481
4 0.556977 0.737037 0.123256 0.088889
4 0.686047 0.742593 0.130233 0.085185
4 0.802326 0.742593 0.102326 0.085185
4 0.674419 0.820370 0.065116 0.070370
4 0.748837 0.820370 0.079070 0.070370
4 0.822093 0.820370 0.062791 0.070370
4 0.515116 0.903704 0.081395 0.074074
4 0.591860 0.905556 0.067442 0.077778
4 0.667442 0.905556 0.079070 0.077778
4 0.762791 0.907407 0.097674 0.081481
