0 0.174419 0.653704 0.251163 0.500000
1 0.640698 0.294444 0.262791 0.085185
2 0.537209 0.401852 0.153488 0.100000
2 0.704651 0.396296 0.176744 0.088889
2 0.858140 0.394444 0.125581 0.092593
3 0.717442 0.583333 0.211628 0.077778
4 0.674419 0.672222 0.093023 0.077778
4 0.797674 0.677778 0.148837 0.088889
4 0.766279 0.842593 0.127907 0.085185
4 0.873256 0.844444 0.086047 0.081481
4 0.138372 0.946296 0.044186 0.062963
4 0.194186 0.944444 0.081395 0.074074
4 0.301163 0.940741 0.123256 0.074074
4 0.430233 0.935185 0.134884 0.077778
4 0.537209 0.933333 0.074419 0.081481
4 0.612791 0.929630 0.081395 0.081481
4 0.706977 0.929630 0.106977 0.088889
4 0.811628 0.925926 0.093023 0.081481
4 0.923256 0.931481 0.130233 0.100000
