0 0.170930 0.651852 0.239535 0.488889
1 0.646512 0.285185 0.260465 0.081481
2 0.553488 0.387037 0.181395 0.092593
2 0.720930 0.383333 0.148837 0.107407
2 0.868605 0.375926 0.141860 0.092593
3 0.720930 0.568519 0.213953 0.085185
4 0.702326 0.650000 0.093023 0.077778
4 0.801163 0.650000 0.104651 0.077778
4 0.737209 0.837037 0.069767 0.096296
4 0.811628 0.827778 0.079070 0.085185
4 0.887209 0.829630 0.072093 0.081481
4 0.343023 0.916667 0.067442 0.077778
4 0.415116 0.912963 0.076744 0.077778
4 0.503488 0.912963 0.090698 0.070370
4 0.602326 0.916667 0.102326 0.077778
4 0.703488 0.916667 0.090698 0.070370
4 0.796512 0.916667 0.090698 0.070370
4 0.908140 0.914815 0.127907 0.081481
