0 0.167442 0.666667 0.232558 0.481481
1 0.718605 0.301852 0.348837 0.107407
2 0.483721 0.409259 0.065116 0.077778
2 0.627907 0.407407 0.213953 0.081481
2 0.794186 0.398148 0.123256 0.070370
3 0.679070 0.583333 0.200000 0.077778
4 0.669767 0.677778 0.130233 0.088889
4 0.782558 0.668519 0.090698 0.085185
4 0.456977 0.785185 0.132558 0.081481
4 0.568605 0.772222 0.090698 0.077778
4 0.674419 0.764815 0.120930 0.085185
4 0.777907 0.755556 0.095349 0.081481
4 0.732558 0.846296 0.088372 0.077778
4 0.817442 0.838889 0.081395 0.077778
4 0.448837 0.948148 0.088372 0.081481
4 0.548837 0.940741 0.106977 0.088889
4 0.665116 0.929630 0.125581 0.081481
4 0.769767 0.918519 0.088372 0.074074
