0 0.172093 0.653704 0.237209 0.492593
1 0.648837 0.298148 0.269767 0.085185
2 0.561628 0.398148 0.155814 0.092593
2 0.717442 0.403704 0.155814 0.103704
2 0.850000 0.405556 0.123256 0.092593
3 0.723256 0.583333 0.097674 0.077778
4 0.679070 0.668519 0.102326 0.085185
4 0.796512 0.668519 0.127907 0.085185
4 0.445349 0.753704 0.072093 0.077778
4 0.525581 0.753704 0.093023 0.085185
4 0.610465 0.757407 0.076744 0.085185
4 0.737209 0.840741 0.093023 0.081481
4 0.846512 0.840741 0.130233 0.081481
4 0.795349 0.925926 0.125581 0.081481
4 0.687209 0.922222 0.086047 0.081481
4 0.606977 0.922222 0.079070 0.074074
4 0.522093 0.920370 0.095349 0.077778
4 0.441860 0.911111 0.065116 0.066667
4 0.694186 0.757407 0.081395 0.077778
4 0.801163 0.761111 0.127907 0.085185
