0 0.168605 0.664815 0.244186 0.492593
1 0.676744 0.296296 0.372093 0.111111
2 0.567442 0.401852 0.139535 0.092593
2 0.684884 0.400000 0.090698 0.096296
2 0.796512 0.401852 0.123256 0.092593
3 0.695349 0.585185 0.218605 0.096296
4 0.674419 0.683333 0.125581 0.092593
4 0.788372 0.675926 0.111628 0.077778
4 0.703488 0.848148 0.165116 0.088889
4 0.818605 0.850000 0.074419 0.085185
4 0.898837 0.848148 0.081395 0.081481
4 0.954651 0.859259 0.020930 0.037037
4 0.330233 0.931481 0.093023 0.092593
4 0.460465 0.938889 0.148837 0.092593
4 0.556977 0.935185 0.039535 0.077778
4 0.612791 0.937037 0.076744 0.088889
4 0.681395 0.935185 0.074419 0.077778
4 0.751163 0.933333 0.065116 0.081481
4 0.819767 0.937037 0.076744 0.088889
4 0.912791 0.933333 0.113953 0.088889
