0 0.173256 0.657407 0.248837 0.529630
1 0.662791 0.314815 0.274419 0.088889
2 0.517442 0.414815 0.141860 0.103704
2 0.696512 0.420370 0.216279 0.100000
2 0.863953 0.418519 0.127907 0.096296
2 0.948837 0.437037 0.041860 0.051852
2 0.856977 0.514815 0.193023 0.096296
3 0.701163 0.594444 0.211628 0.077778
4 0.650000 0.685185 0.104651 0.088889
4 0.758140 0.696296 0.120930 0.088889
4 0.736047 0.861111 0.160465 0.092593
4 0.845349 0.862963 0.058140 0.074074
4 0.927907 0.866667 0.106977 0.081481
4 0.456977 0.946296 0.100000 0.092593
4 0.559302 0.944444 0.109302 0.081481
4 0.637209 0.948148 0.041860 0.074074
4 0.695349 0.944444 0.069767 0.074074
4 0.760465 0.944444 0.065116 0.081481
4 0.833721 0.944444 0.081395 0.074074
4 0.926744 0.950000 0.109302 0.077778
