0 0.174419 0.650000 0.237209 0.492593
1 0.651163 0.303704 0.269767 0.088889
2 0.370930 0.488889 0.141860 0.088889
2 0.547674 0.488889 0.202326 0.096296
2 0.734884 0.487037 0.167442 0.100000
2 0.893023 0.490741 0.148837 0.092593
3 0.718605 0.587037 0.218605 0.085185
4 0.668605 0.681481 0.113953 0.096296
4 0.805814 0.677778 0.160465 0.088889
4 0.712791 0.762963 0.076744 0.081481
4 0.789535 0.759259 0.072093 0.074074
4 0.701163 0.842593 0.118605 0.092593
4 0.802326 0.846296 0.079070 0.085185
4 0.893023 0.842593 0.111628 0.092593
4 0.876744 0.925926 0.074419 0.074074
4 0.802326 0.931481 0.074419 0.085185
4 0.722093 0.935185 0.072093 0.085185
4 0.645349 0.933333 0.076744 0.081481
4 0.568605 0.933333 0.058140 0.066667
4 0.518605 0.933333 0.041860 0.066667
4 0.426744 0.935185 0.146512 0.085185
