0 0.166279 0.655556 0.234884 0.488889
1 0.662791 0.285185 0.269767 0.088889
2 0.424419 0.488889 0.137209 0.088889
2 0.538372 0.488889 0.090698 0.088889
2 0.640698 0.492593 0.113953 0.096296
2 0.811628 0.487037 0.223256 0.100000
3 0.729070 0.583333 0.206977 0.077778
4 0.672093 0.672222 0.055814 0.085185
4 0.733721 0.670370 0.081395 0.088889
4 0.824419 0.677778 0.100000 0.103704
4 0.461628 0.770370 0.137209 0.096296
4 0.572093 0.768519 0.079070 0.092593
4 0.648837 0.768519 0.093023 0.092593
4 0.743023 0.764815 0.095349 0.085185
4 0.834884 0.768519 0.102326 0.085185
4 0.666279 0.855556 0.072093 0.088889
4 0.744186 0.853704 0.088372 0.077778
4 0.839535 0.853704 0.106977 0.092593
4 0.941860 0.848148 0.097674 0.074074
4 0.460465 0.942593 0.134884 0.092593
4 0.581395 0.942593 0.106977 0.092593
4 0.688372 0.940741 0.106977 0.088889
4 0.779070 0.933333 0.083721 0.081481
4 0.851163 0.931481 0.069767 0.092593
