0 0.172093 0.651852 0.223256 0.474074
1 0.651163 0.279630 0.283721 0.077778
2 0.560465 0.372222 0.181395 0.092593
2 0.704651 0.374074 0.111628 0.088889
2 0.844186 0.387037 0.167442 0.092593
3 0.720930 0.566667 0.227907 0.088889
4 0.704651 0.651852 0.120930 0.088889
4 0.815116 0.655556 0.095349 0.081481
4 0.753488 0.829630 0.079070 0.081481
4 0.847674 0.833333 0.100000 0.096296
4 0.431395 0.912963 0.127907 0.085185
4 0.533721 0.907407 0.081395 0.074074
4 0.625581 0.905556 0.102326 0.077778
4 0.722093 0.907407 0.095349 0.074074
4 0.841860 0.914815 0.144186 0.081481
