0 0.160465 0.657407 0.251163 0.522222
1 0.662791 0.292593 0.265116 0.074074
2 0.561628 0.394444 0.123256 0.085185
2 0.698837 0.396296 0.137209 0.096296
2 0.845349 0.394444 0.151163 0.085185
3 0.734884 0.583333 0.209302 0.077778
4 0.725581 0.674074 0.097674 0.088889
4 0.813953 0.670370 0.083721 0.081481
4 0.773256 0.837037 0.086047 0.081481
4 0.863953 0.838889 0.090698 0.085185
4 0.384884 0.933333 0.081395 0.074074
4 0.489535 0.933333 0.123256 0.081481
4 0.596512 0.929630 0.081395 0.066667
4 0.697674 0.933333 0.120930 0.081481
4 0.804651 0.925926 0.093023 0.074074
4 0.906977 0.929630 0.106977 0.081481
