0 0.168605 0.653704 0.248837 0.507407
1 0.655814 0.301852 0.265116 0.085185
2 0.552326 0.398148 0.086047 0.085185
2 0.651163 0.401852 0.106977 0.085185
2 0.797674 0.400000 0.181395 0.096296
3 0.727907 0.585185 0.204651 0.074074
4 0.676744 0.675926 0.153488 0.085185
4 0.801163 0.675926 0.095349 0.085185
4 0.879070 0.677778 0.060465 0.081481
4 0.510465 0.755556 0.086047 0.074074
4 0.608140 0.759259 0.113953 0.074074
4 0.705814 0.759259 0.081395 0.081481
4 0.781395 0.757407 0.069767 0.077778
4 0.731395 0.848148 0.151163 0.081481
4 0.854651 0.851852 0.100000 0.088889
4 0.931395 0.851852 0.053488 0.074074
4 0.508140 0.927778 0.086047 0.070370
4 0.608140 0.929630 0.113953 0.074074
4 0.700000 0.931481 0.074419 0.070370
4 0.775581 0.933333 0.072093 0.066667
