0 0.169767 0.668519 0.241860 0.500000
1 0.663953 0.294444 0.262791 0.077778
2 0.576744 0.394444 0.079070 0.100000
2 0.674419 0.401852 0.111628 0.085185
2 0.808140 0.398148 0.155814 0.092593
3 0.737209 0.587037 0.209302 0.070370
4 0.468605 0.777778 0.127907 0.081481
4 0.568605 0.772222 0.072093 0.077778
4 0.656977 0.768519 0.100000 0.077778
4 0.758140 0.768519 0.102326 0.077778
4 0.858140 0.768519 0.097674 0.070370
4 0.712791 0.855556 0.067442 0.066667
4 0.783721 0.857407 0.079070 0.070370
4 0.893023 0.859259 0.134884 0.081481
4 0.447674 0.946296 0.081395 0.070370
4 0.561628 0.944444 0.141860 0.081481
4 0.694186 0.946296 0.123256 0.077778
4 0.822093 0.948148 0.132558 0.081481
