0 0.180233 0.661111 0.225581 0.470370
1 0.655814 0.296296 0.265116 0.096296
2 0.427907 0.485185 0.181395 0.096296
2 0.566279 0.488889 0.090698 0.096296
2 0.716279 0.483333 0.213953 0.085185
2 0.877907 0.487037 0.109302 0.085185
3 0.725581 0.581481 0.200000 0.074074
4 0.704651 0.664815 0.093023 0.077778
4 0.801163 0.662963 0.100000 0.081481
4 0.761628 0.838889 0.067442 0.077778
4 0.853488 0.833333 0.088372 0.088889
4 0.351163 0.927778 0.106977 0.085185
4 0.448837 0.929630 0.088372 0.081481
4 0.529070 0.924074 0.062791 0.077778
4 0.616279 0.927778 0.097674 0.085185
4 0.731395 0.922222 0.127907 0.081481
4 0.854651 0.925926 0.109302 0.088889
4 0.944186 0.916667 0.074419 0.077778
