0 0.174419 0.657407 0.232558 0.485185
1 0.650000 0.292593 0.267442 0.088889
2 0.586047 0.392593 0.186047 0.088889
2 0.731395 0.388889 0.104651 0.088889
2 0.845349 0.388889 0.118605 0.088889
3 0.723256 0.577778 0.209302 0.081481
4 0.701163 0.666667 0.104651 0.081481
4 0.803488 0.664815 0.100000 0.085185
4 0.698837 0.842593 0.109302 0.077778
4 0.801163 0.842593 0.086047 0.077778
4 0.897674 0.846296 0.106977 0.085185
4 0.962791 0.838889 0.032558 0.062963
4 0.425581 0.929630 0.074419 0.081481
4 0.497674 0.925926 0.079070 0.074074
4 0.558140 0.929630 0.037209 0.074074
4 0.640698 0.931481 0.123256 0.085185
4 0.755814 0.927778 0.106977 0.085185
4 0.866279 0.931481 0.109302 0.085185
4 0.956977 0.925926 0.076744 0.081481
