0 0.167442 0.666667 0.232558 0.503704
1 0.643023 0.290741 0.276744 0.085185
2 0.575581 0.394444 0.202326 0.092593
2 0.722093 0.398148 0.095349 0.092593
2 0.830233 0.385185 0.120930 0.081481
2 0.851163 0.475926 0.116279 0.085185
3 0.711628 0.577778 0.204651 0.066667
4 0.681395 0.659259 0.065116 0.096296
4 0.780233 0.670370 0.137209 0.081481
4 0.903488 0.674074 0.113953 0.081481
4 0.495349 0.762963 0.097674 0.081481
4 0.580233 0.757407 0.081395 0.085185
4 0.668605 0.761111 0.095349 0.077778
4 0.763953 0.762963 0.104651 0.081481
4 0.680233 0.848148 0.067442 0.081481
4 0.780233 0.851852 0.132558 0.081481
4 0.903488 0.851852 0.118605 0.088889
4 0.493023 0.938889 0.097674 0.077778
4 0.579070 0.940741 0.069767 0.081481
4 0.665116 0.940741 0.093023 0.081481
4 0.762791 0.938889 0.106977 0.085185
