0 0.169767 0.670370 0.237209 0.503704
1 0.645349 0.292593 0.262791 0.088889
2 0.539535 0.398148 0.209302 0.100000
2 0.737209 0.396296 0.181395 0.096296
2 0.890698 0.400000 0.125581 0.088889
3 0.719767 0.581481 0.225581 0.088889
4 0.700000 0.681481 0.097674 0.081481
4 0.800000 0.677778 0.102326 0.081481
4 0.713953 0.862963 0.125581 0.081481
4 0.832558 0.861111 0.102326 0.085185
4 0.908140 0.857407 0.048837 0.085185
4 0.472093 0.951852 0.190698 0.074074
4 0.604651 0.944444 0.065116 0.074074
4 0.669767 0.942593 0.065116 0.070370
4 0.740698 0.942593 0.072093 0.070370
4 0.830233 0.946296 0.106977 0.070370
