0 0.168605 0.674074 0.239535 0.511111
1 0.659302 0.283333 0.267442 0.085185
2 0.594186 0.383333 0.104651 0.085185
2 0.700000 0.383333 0.106977 0.092593
2 0.815116 0.387037 0.123256 0.092593
3 0.731395 0.568519 0.211628 0.085185
4 0.715116 0.664815 0.123256 0.092593
4 0.825581 0.666667 0.097674 0.088889
4 0.572093 0.761111 0.111628 0.092593
4 0.680233 0.755556 0.109302 0.088889
4 0.784884 0.753704 0.095349 0.085185
4 0.886047 0.757407 0.111628 0.085185
4 0.752326 0.842593 0.090698 0.077778
4 0.861628 0.844444 0.127907 0.096296
4 0.402326 0.940741 0.120930 0.081481
4 0.518605 0.938889 0.106977 0.085185
4 0.637209 0.933333 0.111628 0.081481
4 0.744186 0.927778 0.106977 0.085185
4 0.848837 0.931481 0.097674 0.077778
4 0.948837 0.935185 0.097674 0.085185
