0 0.177907 0.651852 0.230233 0.474074
1 0.682558 0.303704 0.351163 0.088889
2 0.539535 0.400000 0.093023 0.096296
2 0.647674 0.407407 0.090698 0.096296
2 0.789535 0.394444 0.151163 0.085185
3 0.650000 0.575926 0.267442 0.085185
4 0.596512 0.650000 0.095349 0.085185
4 0.760465 0.657407 0.190698 0.092593
4 0.927907 0.642593 0.102326 0.092593
4 0.397674 0.742593 0.139535 0.092593
4 0.544186 0.740741 0.148837 0.088889
4 0.682558 0.735185 0.090698 0.085185
4 0.777907 0.737037 0.076744 0.088889
4 0.900000 0.742593 0.153488 0.100000
4 0.682558 0.814815 0.090698 0.074074
4 0.844186 0.822222 0.204651 0.088889
4 0.380233 0.909259 0.090698 0.085185
4 0.518605 0.909259 0.153488 0.085185
4 0.646512 0.901852 0.074419 0.077778
4 0.726744 0.896296 0.076744 0.088889
4 0.846512 0.900000 0.148837 0.096296
