0 0.161628 0.650000 0.253488 0.485185
1 0.682558 0.287037 0.258140 0.077778
2 0.627907 0.379630 0.204651 0.092593
2 0.774419 0.385185 0.088372 0.096296
2 0.880233 0.383333 0.123256 0.100000
3 0.760465 0.570370 0.200000 0.081481
4 0.691860 0.655556 0.058140 0.074074
4 0.775581 0.661111 0.109302 0.085185
4 0.868605 0.655556 0.081395 0.081481
4 0.472093 0.746296 0.134884 0.092593
4 0.576744 0.742593 0.074419 0.085185
4 0.684884 0.750000 0.132558 0.092593
4 0.786047 0.748148 0.069767 0.074074
4 0.881395 0.755556 0.120930 0.088889
4 0.780233 0.835185 0.090698 0.085185
4 0.888372 0.835185 0.130233 0.077778
4 0.472093 0.922222 0.134884 0.096296
4 0.584884 0.918519 0.095349 0.081481
4 0.687209 0.922222 0.109302 0.096296
4 0.790698 0.914815 0.093023 0.088889
4 0.886047 0.920370 0.097674 0.085185
