0 0.169767 0.659259 0.251163 0.488889
1 0.646512 0.309259 0.269767 0.085185
2 0.512791 0.481481 0.206977 0.096296
2 0.660465 0.483333 0.079070 0.092593
2 0.756977 0.485185 0.109302 0.096296
2 0.890698 0.490741 0.158140 0.107407
3 0.722093 0.587037 0.225581 0.092593
4 0.646512 0.757407 0.093023 0.077778
4 0.748837 0.766667 0.102326 0.081481
4 0.705814 0.851852 0.109302 0.074074
4 0.791860 0.850000 0.058140 0.070370
4 0.873256 0.850000 0.104651 0.092593
4 0.283721 0.944444 0.134884 0.088889
4 0.418605 0.935185 0.120930 0.092593
4 0.518605 0.940741 0.083721 0.096296
4 0.603488 0.933333 0.086047 0.081481
4 0.710465 0.937037 0.127907 0.081481
4 0.839535 0.933333 0.125581 0.074074
4 0.944186 0.935185 0.079070 0.077778
4 0.937209 0.857407 0.027907 0.040741
