0 0.167442 0.653704 0.232558 0.492593
1 0.673256 0.298148 0.262791 0.085185
2 0.601163 0.400000 0.183721 0.088889
2 0.737209 0.405556 0.088372 0.085185
2 0.856977 0.407407 0.151163 0.088889
3 0.739535 0.583333 0.200000 0.077778
3 0.506977 0.762963 0.125581 0.088889
3 0.612791 0.762963 0.086047 0.081481
3 0.719767 0.759259 0.118605 0.081481
3 0.830233 0.759259 0.093023 0.088889
3 0.776744 0.844444 0.120930 0.081481
3 0.886047 0.848148 0.093023 0.081481
3 0.494186 0.927778 0.127907 0.085185
3 0.611628 0.927778 0.102326 0.092593
3 0.704651 0.924074 0.083721 0.085185
3 0.808140 0.927778 0.123256 0.092593
