0 0.187209 0.662963 0.230233 0.474074
1 0.655814 0.301852 0.260465 0.092593
2 0.576744 0.400000 0.130233 0.088889
2 0.697674 0.398148 0.106977 0.092593
2 0.825581 0.400000 0.144186 0.081481
3 0.729070 0.579630 0.206977 0.085185
4 0.422093 0.757407 0.104651 0.092593
4 0.524419 0.755556 0.095349 0.081481
4 0.626744 0.759259 0.109302 0.088889
4 0.726744 0.757407 0.095349 0.077778
4 0.806977 0.755556 0.060465 0.081481
4 0.877907 0.755556 0.072093 0.081481
4 0.762791 0.835185 0.083721 0.077778
4 0.850000 0.835185 0.100000 0.085185
4 0.424419 0.925926 0.100000 0.088889
4 0.522093 0.924074 0.095349 0.077778
4 0.623256 0.925926 0.102326 0.088889
4 0.723256 0.927778 0.093023 0.085185
4 0.803488 0.920370 0.062791 0.070370
4 0.874419 0.920370 0.079070 0.077778
