0 0.174419 0.655556 0.223256 0.481481
2 0.544186 0.401852 0.186047 0.092593
2 0.700000 0.416667 0.093023 0.107407
2 0.837209 0.407407 0.153488 0.096296
3 0.729070 0.574074 0.295349 0.096296
4 0.584884 0.664815 0.039535 0.085185
4 0.615116 0.688889 0.025581 0.044444
4 0.684884 0.655556 0.118605 0.088889
4 0.822093 0.657407 0.123256 0.092593
4 0.498837 0.751852 0.151163 0.096296
4 0.626744 0.751852 0.067442 0.088889
4 0.670930 0.777778 0.025581 0.044444
4 0.762791 0.757407 0.167442 0.100000
4 0.903488 0.757407 0.118605 0.077778
4 0.696512 0.846296 0.095349 0.092593
4 0.824419 0.833333 0.132558 0.088889
4 0.456977 0.935185 0.132558 0.107407
4 0.570930 0.935185 0.072093 0.100000
4 0.684884 0.935185 0.118605 0.092593
4 0.823256 0.935185 0.130233 0.092593
