0 0.179070 0.646296 0.241860 0.492593
1 0.652326 0.274074 0.286047 0.081481
2 0.548837 0.366667 0.218605 0.096296
2 0.711628 0.361111 0.111628 0.092593
2 0.863953 0.362963 0.193023 0.088889
3 0.732558 0.546296 0.218605 0.092593
4 0.698837 0.631481 0.062791 0.085185
4 0.794186 0.638889 0.127907 0.092593
4 0.484884 0.733333 0.081395 0.088889
4 0.567442 0.737037 0.088372 0.096296
4 0.680233 0.731481 0.132558 0.085185
4 0.800000 0.729630 0.106977 0.081481
4 0.789535 0.814815 0.058140 0.096296
4 0.859302 0.816667 0.081395 0.092593
4 0.381395 0.903704 0.065116 0.081481
4 0.477907 0.907407 0.132558 0.088889
4 0.582558 0.905556 0.076744 0.085185
4 0.666279 0.907407 0.090698 0.081481
4 0.776744 0.911111 0.130233 0.088889
4 0.896512 0.905556 0.109302 0.077778
