0 0.170930 0.666667 0.225581 0.488889
1 0.646512 0.305556 0.269767 0.092593
2 0.537209 0.400000 0.204651 0.103704
2 0.675581 0.401852 0.067442 0.100000
2 0.756977 0.398148 0.104651 0.100000
2 0.880233 0.398148 0.141860 0.100000
3 0.713953 0.587037 0.209302 0.085185
4 0.677907 0.681481 0.104651 0.081481
4 0.797674 0.675926 0.125581 0.077778
4 0.674419 0.770370 0.102326 0.081481
4 0.796512 0.766667 0.132558 0.096296
4 0.740698 0.857407 0.095349 0.085185
4 0.838372 0.855556 0.109302 0.081481
4 0.353488 0.946296 0.125581 0.077778
4 0.465116 0.948148 0.097674 0.081481
4 0.563953 0.944444 0.100000 0.081481
4 0.682558 0.946296 0.132558 0.077778
4 0.801163 0.942593 0.100000 0.085185
4 0.912791 0.940741 0.127907 0.081481
