0 0.173256 0.659259 0.225581 0.481481
1 0.669767 0.309259 0.344186 0.100000
2 0.551163 0.412963 0.204651 0.100000
2 0.697674 0.416667 0.088372 0.100000
2 0.838372 0.416667 0.197674 0.100000
3 0.709302 0.596296 0.200000 0.088889
4 0.623256 0.683333 0.051163 0.085185
4 0.704651 0.690741 0.106977 0.085185
4 0.822093 0.690741 0.123256 0.085185
4 0.395349 0.768519 0.060465 0.077778
4 0.495349 0.775926 0.130233 0.092593
4 0.610465 0.775926 0.100000 0.092593
4 0.727907 0.781481 0.134884 0.088889
4 0.841860 0.787037 0.093023 0.085185
4 0.667442 0.862963 0.069767 0.074074
4 0.741860 0.859259 0.079070 0.081481
4 0.818605 0.864815 0.074419 0.085185
4 0.906977 0.866667 0.097674 0.088889
4 0.455814 0.942593 0.083721 0.085185
4 0.547674 0.946296 0.090698 0.085185
4 0.660465 0.950000 0.125581 0.085185
4 0.774419 0.955556 0.102326 0.088889
