0 0.181395 0.661111 0.218605 0.462963
1 0.663953 0.292593 0.346512 0.103704
2 0.516279 0.422222 0.120930 0.096296
2 0.639535 0.424074 0.093023 0.107407
2 0.736047 0.420370 0.067442 0.085185
2 0.846512 0.418519 0.130233 0.088889
3 0.762791 0.583333 0.297674 0.092593
4 0.708140 0.674074 0.072093 0.088889
4 0.819767 0.679630 0.123256 0.100000
4 0.445349 0.753704 0.095349 0.092593
4 0.554651 0.762963 0.086047 0.096296
4 0.739535 0.759259 0.130233 0.088889
4 0.877907 0.772222 0.123256 0.085185
4 0.696512 0.850000 0.104651 0.077778
4 0.809302 0.850000 0.088372 0.085185
4 0.916279 0.853704 0.093023 0.085185
4 0.450000 0.935185 0.104651 0.092593
4 0.582558 0.937037 0.141860 0.088889
4 0.739535 0.933333 0.120930 0.081481
4 0.880233 0.938889 0.127907 0.085185
