0 0.166279 0.661111 0.239535 0.485185
1 0.674419 0.294444 0.367442 0.114815
2 0.573256 0.405556 0.141860 0.092593
2 0.687209 0.407407 0.090698 0.096296
2 0.793023 0.403704 0.116279 0.081481
3 0.701163 0.588889 0.216279 0.081481
4 0.675581 0.677778 0.118605 0.081481
4 0.788372 0.675926 0.106977 0.077778
4 0.703488 0.859259 0.160465 0.074074
4 0.820930 0.855556 0.079070 0.074074
4 0.902326 0.853704 0.083721 0.077778
4 0.333721 0.935185 0.090698 0.077778
4 0.465116 0.940741 0.148837 0.081481
4 0.555814 0.938889 0.046512 0.085185
4 0.609302 0.940741 0.069767 0.088889
4 0.681395 0.937037 0.065116 0.074074
4 0.751163 0.935185 0.065116 0.077778
4 0.822093 0.935185 0.072093 0.077778
4 0.913953 0.931481 0.111628 0.077778
