0 0.170930 0.661111 0.230233 0.485185
1 0.633721 0.285185 0.272093 0.088889
2 0.552326 0.385185 0.206977 0.088889
2 0.715116 0.383333 0.113953 0.092593
2 0.846512 0.387037 0.153488 0.100000
3 0.709302 0.570370 0.204651 0.088889
4 0.690698 0.659259 0.120930 0.081481
4 0.800000 0.661111 0.093023 0.085185
4 0.698837 0.837037 0.123256 0.081481
4 0.819767 0.842593 0.123256 0.092593
4 0.918605 0.842593 0.074419 0.092593
4 0.374419 0.922222 0.111628 0.081481
4 0.473256 0.922222 0.076744 0.081481
4 0.573256 0.925926 0.127907 0.074074
4 0.669767 0.924074 0.060465 0.085185
4 0.734884 0.924074 0.065116 0.085185
4 0.777907 0.929630 0.025581 0.037037
4 0.844186 0.931481 0.111628 0.092593
4 0.939535 0.920370 0.079070 0.085185
