0 0.179070 0.653704 0.232558 0.477778
1 0.691860 0.298148 0.360465 0.100000
2 0.525581 0.401852 0.074419 0.085185
2 0.626744 0.405556 0.095349 0.085185
2 0.760465 0.400000 0.134884 0.081481
2 0.896512 0.401852 0.100000 0.085185
3 0.751163 0.566667 0.251163 0.088889
4 0.575581 0.668519 0.095349 0.070370
4 0.686047 0.668519 0.106977 0.070370
4 0.801163 0.666667 0.113953 0.074074
4 0.917442 0.668519 0.095349 0.077778
4 0.661628 0.737037 0.100000 0.066667
4 0.760465 0.733333 0.074419 0.059259
4 0.845349 0.735185 0.081395 0.070370
4 0.716279 0.838889 0.102326 0.070370
4 0.827907 0.838889 0.106977 0.077778
4 0.490698 0.907407 0.120930 0.074074
4 0.612791 0.912963 0.113953 0.077778
4 0.736047 0.909259 0.100000 0.070370
4 0.831395 0.907407 0.076744 0.066667
4 0.917442 0.905556 0.076744 0.070370
