0 0.152326 0.661111 0.253488 0.544444
1 0.681395 0.287037 0.353488 0.100000
2 0.484884 0.377778 0.113953 0.096296
2 0.656977 0.387037 0.179070 0.107407
2 0.833721 0.381481 0.151163 0.096296
3 0.734884 0.559259 0.283721 0.103704
4 0.680233 0.653704 0.137209 0.085185
4 0.846512 0.664815 0.172093 0.092593
4 0.374419 0.740741 0.106977 0.074074
4 0.480233 0.737037 0.076744 0.081481
4 0.548837 0.742593 0.046512 0.048148
4 0.681395 0.740741 0.139535 0.088889
4 0.836047 0.738889 0.155814 0.100000
4 0.654651 0.837037 0.053488 0.096296
4 0.756977 0.833333 0.146512 0.088889
4 0.910465 0.822222 0.137209 0.096296
4 0.306977 0.924074 0.069767 0.077778
4 0.418605 0.925926 0.125581 0.088889
4 0.566279 0.920370 0.127907 0.085185
4 0.734884 0.924074 0.134884 0.077778
4 0.883721 0.922222 0.130233 0.088889
