0 0.180233 0.650000 0.230233 0.485185
1 0.652326 0.307407 0.267442 0.103704
2 0.597674 0.403704 0.148837 0.081481
2 0.713953 0.407407 0.088372 0.088889
2 0.813953 0.403704 0.116279 0.096296
3 0.729070 0.587037 0.202326 0.092593
4 0.719767 0.677778 0.104651 0.088889
4 0.809302 0.675926 0.074419 0.070370
4 0.433721 0.762963 0.067442 0.081481
4 0.490698 0.762963 0.051163 0.074074
4 0.552326 0.761111 0.072093 0.085185
4 0.636047 0.764815 0.090698 0.077778
4 0.723256 0.764815 0.069767 0.077778
4 0.826744 0.766667 0.137209 0.088889
4 0.775581 0.850000 0.104651 0.085185
4 0.863953 0.848148 0.072093 0.081481
4 0.432558 0.931481 0.069767 0.085185
4 0.491860 0.929630 0.048837 0.074074
4 0.550000 0.927778 0.072093 0.077778
4 0.634884 0.929630 0.097674 0.088889
4 0.718605 0.922222 0.079070 0.081481
4 0.823256 0.931481 0.139535 0.085185
