0 0.165116 0.661111 0.223256 0.485185
1 0.647674 0.283333 0.267442 0.085185
2 0.593023 0.383333 0.144186 0.092593
2 0.711628 0.388889 0.088372 0.081481
2 0.817442 0.379630 0.123256 0.092593
3 0.712791 0.572222 0.216279 0.070370
4 0.644186 0.662963 0.134884 0.081481
4 0.752326 0.657407 0.081395 0.077778
4 0.852326 0.657407 0.118605 0.077778
4 0.706977 0.755556 0.106977 0.081481
4 0.803488 0.750000 0.086047 0.077778
4 0.687209 0.831481 0.062791 0.070370
4 0.759302 0.833333 0.086047 0.074074
4 0.875581 0.833333 0.151163 0.088889
4 0.463953 0.931481 0.127907 0.077778
4 0.561628 0.925926 0.062791 0.074074
4 0.626744 0.925926 0.067442 0.074074
4 0.706977 0.916667 0.083721 0.085185
4 0.808140 0.922222 0.113953 0.088889
