0 0.163953 0.666667 0.253488 0.533333
1 0.663953 0.281481 0.281395 0.088889
2 0.540698 0.392593 0.193023 0.096296
2 0.709302 0.390741 0.134884 0.107407
2 0.870930 0.396296 0.188372 0.088889
3 0.733721 0.583333 0.216279 0.077778
4 0.668605 0.674074 0.076744 0.081481
4 0.744186 0.677778 0.079070 0.081481
4 0.834884 0.681481 0.102326 0.088889
4 0.425581 0.775926 0.144186 0.092593
4 0.538372 0.775926 0.081395 0.092593
4 0.627907 0.774074 0.097674 0.088889
4 0.747674 0.775926 0.137209 0.092593
4 0.865116 0.774074 0.097674 0.088889
4 0.718605 0.862963 0.074419 0.088889
4 0.798837 0.862963 0.086047 0.088889
4 0.886047 0.861111 0.097674 0.092593
4 0.422093 0.953704 0.137209 0.092593
4 0.532558 0.953704 0.083721 0.092593
4 0.618605 0.951852 0.102326 0.096296
4 0.737209 0.953704 0.130233 0.092593
4 0.866279 0.951852 0.118605 0.096296
