0 0.170930 0.668519 0.258140 0.544444
1 0.668605 0.309259 0.262791 0.077778
2 0.437209 0.501852 0.158140 0.077778
2 0.560465 0.501852 0.093023 0.085185
2 0.660465 0.501852 0.106977 0.085185
2 0.826744 0.496296 0.225581 0.081481
3 0.734884 0.592593 0.209302 0.081481
4 0.663953 0.674074 0.062791 0.074074
4 0.741860 0.672222 0.093023 0.070370
4 0.841860 0.672222 0.106977 0.077778
4 0.455814 0.762963 0.130233 0.088889
4 0.569767 0.764815 0.097674 0.092593
4 0.660465 0.764815 0.079070 0.085185
4 0.761628 0.762963 0.123256 0.081481
4 0.872093 0.761111 0.097674 0.077778
4 0.716279 0.842593 0.065116 0.070370
4 0.796512 0.842593 0.095349 0.070370
4 0.896512 0.840741 0.104651 0.074074
4 0.451163 0.927778 0.130233 0.085185
4 0.563953 0.924074 0.095349 0.077778
4 0.651163 0.924074 0.079070 0.077778
4 0.754651 0.924074 0.123256 0.070370
4 0.865116 0.924074 0.093023 0.070370
