0 0.168605 0.651852 0.248837 0.518519
1 0.610465 0.303704 0.267442 0.081481
2 0.508140 0.400000 0.067442 0.088889
2 0.612791 0.396296 0.141860 0.096296
2 0.756977 0.398148 0.146512 0.092593
3 0.679070 0.577778 0.200000 0.081481
4 0.659302 0.674074 0.123256 0.081481
4 0.770930 0.670370 0.095349 0.081481
4 0.675581 0.842593 0.058140 0.070370
4 0.739535 0.850000 0.069767 0.077778
4 0.824419 0.850000 0.104651 0.077778
4 0.382558 0.944444 0.132558 0.081481
4 0.488372 0.933333 0.074419 0.081481
4 0.582558 0.938889 0.113953 0.085185
4 0.682558 0.935185 0.090698 0.077778
4 0.801163 0.937037 0.137209 0.074074
