0 0.152326 0.640741 0.262791 0.511111
1 0.638372 0.290741 0.267442 0.085185
2 0.497674 0.381481 0.079070 0.088889
2 0.581395 0.390741 0.083721 0.092593
2 0.681395 0.392593 0.106977 0.088889
2 0.824419 0.401852 0.169767 0.100000
3 0.700000 0.574074 0.218605 0.081481
4 0.612791 0.672222 0.160465 0.092593
4 0.759302 0.666667 0.132558 0.088889
4 0.877907 0.670370 0.104651 0.096296
4 0.426744 0.751852 0.127907 0.081481
4 0.531395 0.751852 0.081395 0.088889
4 0.609302 0.759259 0.074419 0.088889
4 0.691860 0.759259 0.086047 0.088889
4 0.774419 0.753704 0.074419 0.085185
4 0.856977 0.761111 0.086047 0.092593
4 0.686047 0.846296 0.060465 0.085185
4 0.755814 0.846296 0.083721 0.085185
4 0.860465 0.850000 0.125581 0.092593
4 0.412791 0.933333 0.146512 0.096296
4 0.530233 0.931481 0.097674 0.085185
4 0.648837 0.935185 0.139535 0.092593
4 0.753488 0.927778 0.074419 0.085185
4 0.831395 0.938889 0.086047 0.092593
4 0.347674 0.770370 0.030233 0.044444
