0 0.173256 0.642593 0.220930 0.485185
1 0.662791 0.303704 0.274419 0.096296
2 0.566279 0.400000 0.137209 0.096296
2 0.667442 0.400000 0.074419 0.088889
2 0.813953 0.401852 0.213953 0.092593
3 0.733721 0.588889 0.202326 0.074074
4 0.660465 0.674074 0.060465 0.081481
4 0.755814 0.677778 0.130233 0.088889
4 0.859302 0.677778 0.081395 0.081481
4 0.432558 0.779630 0.125581 0.085185
4 0.553488 0.770370 0.111628 0.096296
4 0.662791 0.772222 0.120930 0.085185
4 0.789535 0.772222 0.127907 0.085185
4 0.896512 0.766667 0.090698 0.074074
4 0.718605 0.853704 0.060465 0.070370
2 0.811628 0.857407 0.130233 0.085185
2 0.917442 0.855556 0.081395 0.081481
2 0.429070 0.946296 0.137209 0.085185
2 0.552326 0.944444 0.113953 0.081481
2 0.665116 0.942593 0.116279 0.092593
2 0.786047 0.937037 0.125581 0.081481
2 0.894186 0.937037 0.086047 0.081481
