0 0.148837 0.657407 0.232558 0.477778
1 0.674419 0.290741 0.367442 0.100000
2 0.574419 0.411111 0.134884 0.096296
2 0.704651 0.407407 0.106977 0.103704
2 0.831395 0.412963 0.141860 0.092593
3 0.727907 0.594444 0.227907 0.092593
4 0.698837 0.688889 0.072093 0.081481
4 0.791860 0.694444 0.113953 0.092593
4 0.475581 0.770370 0.072093 0.088889
4 0.555814 0.772222 0.079070 0.077778
4 0.663953 0.785185 0.132558 0.088889
4 0.784884 0.781481 0.100000 0.081481
4 0.750000 0.870370 0.076744 0.074074
4 0.852326 0.872222 0.127907 0.085185
4 0.375581 0.944444 0.081395 0.088889
4 0.469767 0.948148 0.116279 0.096296
4 0.568605 0.948148 0.076744 0.088889
4 0.646512 0.948148 0.083721 0.088889
4 0.759302 0.953704 0.132558 0.085185
4 0.873256 0.950000 0.095349 0.070370
