0 0.179070 0.650000 0.241860 0.477778
1 0.702326 0.296296 0.358140 0.096296
2 0.491860 0.403704 0.100000 0.096296
2 0.608140 0.412963 0.104651 0.085185
2 0.733721 0.418519 0.132558 0.103704
3 0.689535 0.572222 0.309302 0.092593
4 0.626744 0.664815 0.137209 0.085185
4 0.789535 0.662963 0.174419 0.096296
4 0.461628 0.746296 0.127907 0.077778
4 0.610465 0.748148 0.141860 0.096296
4 0.750000 0.744444 0.109302 0.088889
4 0.887209 0.748148 0.151163 0.103704
4 0.695349 0.833333 0.106977 0.081481
4 0.834884 0.835185 0.148837 0.092593
4 0.827907 0.911111 0.130233 0.081481
4 0.698837 0.909259 0.090698 0.092593
4 0.539535 0.916667 0.186047 0.092593
