0 0.166279 0.664815 0.225581 0.477778
1 0.719767 0.301852 0.346512 0.100000
2 0.484884 0.405556 0.067442 0.077778
2 0.629070 0.403704 0.211628 0.081481
2 0.797674 0.394444 0.120930 0.070370
3 0.676744 0.583333 0.209302 0.070370
4 0.669767 0.675926 0.130233 0.085185
4 0.779070 0.662963 0.093023 0.074074
4 0.454651 0.779630 0.132558 0.077778
4 0.570930 0.775926 0.090698 0.077778
4 0.679070 0.764815 0.120930 0.085185
4 0.780233 0.751852 0.086047 0.074074
4 0.730233 0.842593 0.093023 0.077778
4 0.812791 0.835185 0.081395 0.077778
4 0.450000 0.946296 0.095349 0.077778
4 0.554651 0.938889 0.109302 0.085185
4 0.669767 0.929630 0.125581 0.081481
4 0.770930 0.922222 0.081395 0.074074
