0 0.173256 0.661111 0.220930 0.470370
1 0.650000 0.296296 0.258140 0.074074
2 0.476744 0.411111 0.065116 0.081481
2 0.591860 0.407407 0.165116 0.088889
2 0.748837 0.405556 0.144186 0.077778
2 0.856977 0.409259 0.076744 0.070370
3 0.647674 0.585185 0.197674 0.066667
4 0.605814 0.674074 0.062791 0.081481
4 0.690698 0.675926 0.106977 0.085185
4 0.787209 0.672222 0.086047 0.077778
4 0.481395 0.759259 0.097674 0.088889
4 0.573256 0.761111 0.081395 0.077778
4 0.647674 0.759259 0.072093 0.081481
4 0.746512 0.762963 0.074419 0.074074
4 0.691860 0.768519 0.025581 0.033333
4 0.820930 0.764815 0.069767 0.077778
4 0.670930 0.855556 0.062791 0.081481
4 0.755814 0.855556 0.106977 0.081481
4 0.851163 0.850000 0.083721 0.070370
4 0.529070 0.940741 0.100000 0.074074
4 0.619767 0.933333 0.081395 0.074074
4 0.694186 0.927778 0.072093 0.070370
4 0.781395 0.925926 0.083721 0.066667
4 0.855814 0.924074 0.074419 0.070370
