0 0.180233 0.657407 0.230233 0.477778
1 0.663953 0.322222 0.267442 0.088889
2 0.561628 0.414815 0.197674 0.088889
2 0.732558 0.416667 0.144186 0.085185
2 0.881395 0.416667 0.153488 0.100000
3 0.733721 0.592593 0.193023 0.074074
4 0.732558 0.688889 0.134884 0.096296
4 0.825581 0.683333 0.069767 0.092593
4 0.779070 0.853704 0.079070 0.077778
4 0.855814 0.848148 0.069767 0.081481
4 0.330233 0.935185 0.079070 0.092593
4 0.434884 0.946296 0.130233 0.092593
4 0.538372 0.938889 0.067442 0.085185
4 0.636047 0.942593 0.104651 0.092593
4 0.750000 0.938889 0.132558 0.085185
4 0.873256 0.940741 0.109302 0.096296
4 0.962791 0.938889 0.074419 0.077778
