0 0.166279 0.657407 0.234884 0.485185
1 0.674419 0.275926 0.353488 0.122222
2 0.480233 0.407407 0.118605 0.088889
2 0.609302 0.412963 0.097674 0.122222
2 0.740698 0.394444 0.123256 0.100000
2 0.889535 0.400000 0.146512 0.111111
3 0.686047 0.577778 0.334884 0.111111
4 0.362791 0.762963 0.130233 0.096296
4 0.529070 0.764815 0.165116 0.100000
4 0.675581 0.751852 0.123256 0.103704
4 0.850000 0.764815 0.183721 0.092593
4 0.705814 0.855556 0.123256 0.074074
4 0.840698 0.862963 0.095349 0.111111
4 0.930233 0.857407 0.065116 0.077778
4 0.361628 0.935185 0.127907 0.085185
4 0.526744 0.940741 0.174419 0.103704
4 0.674419 0.937037 0.125581 0.081481
4 0.848837 0.942593 0.181395 0.092593
