0 0.177907 0.666667 0.234884 0.481481
1 0.690698 0.290741 0.344186 0.100000
2 0.555814 0.385185 0.083721 0.088889
2 0.665116 0.387037 0.139535 0.092593
2 0.806977 0.392593 0.139535 0.096296
3 0.718605 0.575926 0.200000 0.077778
4 0.702326 0.662963 0.111628 0.081481
4 0.800000 0.662963 0.093023 0.081481
4 0.468605 0.750000 0.113953 0.085185
4 0.603488 0.751852 0.151163 0.088889
4 0.737209 0.753704 0.106977 0.085185
4 0.820930 0.757407 0.065116 0.070370
4 0.755814 0.840741 0.065116 0.081481
4 0.832558 0.838889 0.083721 0.077778
4 0.463953 0.916667 0.113953 0.092593
4 0.600000 0.916667 0.158140 0.092593
4 0.734884 0.922222 0.106977 0.088889
4 0.817442 0.922222 0.062791 0.081481
