0 0.167442 0.644444 0.223256 0.488889
1 0.634884 0.277778 0.265116 0.081481
2 0.545349 0.366667 0.211628 0.096296
2 0.705814 0.370370 0.123256 0.096296
2 0.838372 0.377778 0.141860 0.096296
3 0.696512 0.559259 0.220930 0.088889
4 0.393023 0.731481 0.060465 0.077778
4 0.486047 0.737037 0.125581 0.081481
4 0.580233 0.733333 0.062791 0.081481
4 0.658140 0.735185 0.097674 0.077778
4 0.741860 0.731481 0.069767 0.085185
4 0.824419 0.735185 0.095349 0.085185
4 0.387209 0.905556 0.062791 0.092593
4 0.480233 0.909259 0.123256 0.085185
4 0.574419 0.903704 0.065116 0.081481
4 0.655814 0.905556 0.097674 0.085185
4 0.736047 0.900000 0.067442 0.088889
4 0.817442 0.901852 0.095349 0.085185
