0 0.169767 0.655556 0.246512 0.503704
1 0.659302 0.307407 0.262791 0.088889
2 0.579070 0.409259 0.200000 0.100000
2 0.739535 0.405556 0.111628 0.092593
2 0.865116 0.405556 0.139535 0.092593
3 0.727907 0.592593 0.204651 0.088889
4 0.696512 0.683333 0.086047 0.077778
4 0.801163 0.687037 0.123256 0.085185
4 0.484884 0.785185 0.072093 0.074074
4 0.565116 0.779630 0.088372 0.077778
4 0.679070 0.779630 0.130233 0.085185
4 0.794186 0.777778 0.104651 0.088889
4 0.753488 0.861111 0.083721 0.077778
4 0.856977 0.861111 0.123256 0.077778
4 0.480233 0.951852 0.072093 0.081481
4 0.561628 0.951852 0.090698 0.081481
4 0.675581 0.948148 0.132558 0.081481
4 0.791860 0.950000 0.104651 0.077778
