0 0.184884 0.659259 0.225581 0.466667
1 0.645349 0.312963 0.272093 0.092593
2 0.486047 0.407407 0.139535 0.096296
2 0.595349 0.412963 0.083721 0.100000
2 0.746512 0.411111 0.213953 0.103704
2 0.906977 0.411111 0.111628 0.088889
3 0.710465 0.590741 0.206977 0.092593
4 0.675581 0.674074 0.113953 0.081481
4 0.798837 0.675926 0.123256 0.085185
4 0.527907 0.759259 0.116279 0.088889
4 0.641860 0.759259 0.111628 0.096296
4 0.752326 0.761111 0.090698 0.085185
4 0.847674 0.761111 0.100000 0.085185
4 0.688372 0.840741 0.041860 0.066667
4 0.752326 0.842593 0.076744 0.077778
4 0.852326 0.838889 0.123256 0.085185
4 0.397674 0.914815 0.060465 0.081481
4 0.483721 0.922222 0.088372 0.088889
4 0.575581 0.924074 0.086047 0.092593
4 0.658140 0.925926 0.079070 0.081481
4 0.750000 0.920370 0.090698 0.077778
4 0.840698 0.922222 0.076744 0.081481
