0 0.154651 0.666667 0.244186 0.496296
1 0.694186 0.290741 0.355814 0.107407
2 0.475581 0.409259 0.095349 0.077778
2 0.586047 0.418519 0.093023 0.111111
2 0.705814 0.401852 0.104651 0.100000
2 0.858140 0.405556 0.153488 0.100000
3 0.694186 0.592593 0.304651 0.096296
4 0.677907 0.681481 0.160465 0.096296
4 0.861628 0.679630 0.183721 0.092593
4 0.679070 0.768519 0.162791 0.077778
4 0.833721 0.764815 0.127907 0.085185
4 0.691860 0.850000 0.081395 0.085185
4 0.825581 0.853704 0.153488 0.092593
4 0.456977 0.951852 0.086047 0.088889
4 0.569767 0.951852 0.130233 0.081481
4 0.706977 0.950000 0.102326 0.085185
4 0.833721 0.946296 0.123256 0.092593
