0 0.162791 0.659259 0.227907 0.481481
1 0.659302 0.279630 0.267442 0.092593
2 0.543023 0.383333 0.072093 0.100000
2 0.668605 0.383333 0.179070 0.092593
2 0.838372 0.375926 0.146512 0.100000
3 0.732558 0.568519 0.213953 0.077778
4 0.676744 0.661111 0.055814 0.085185
4 0.736047 0.662963 0.058140 0.081481
4 0.820930 0.661111 0.111628 0.077778
4 0.458140 0.757407 0.134884 0.077778
4 0.588372 0.759259 0.120930 0.088889
4 0.705814 0.755556 0.113953 0.081481
4 0.806977 0.753704 0.083721 0.085185
4 0.876744 0.748148 0.055814 0.081481
4 0.730233 0.838889 0.060465 0.085185
4 0.794186 0.835185 0.058140 0.070370
4 0.877907 0.840741 0.113953 0.081481
4 0.454651 0.937037 0.132558 0.088889
4 0.579070 0.929630 0.125581 0.088889
4 0.700000 0.931481 0.111628 0.085185
4 0.801163 0.927778 0.081395 0.085185
4 0.877907 0.927778 0.062791 0.092593
