0 0.176744 0.657407 0.265116 0.544444
1 0.672093 0.305556 0.348837 0.100000
2 0.539535 0.407407 0.139535 0.074074
2 0.665116 0.401852 0.102326 0.085185
2 0.776744 0.400000 0.125581 0.081481
3 0.569767 0.574074 0.200000 0.081481
4 0.570930 0.662963 0.072093 0.066667
4 0.648837 0.657407 0.079070 0.070370
4 0.552326 0.748148 0.086047 0.074074
4 0.619767 0.755556 0.053488 0.081481
4 0.673256 0.748148 0.048837 0.081481
4 0.741860 0.750000 0.097674 0.092593
4 0.663953 0.835185 0.076744 0.070370
4 0.741860 0.837037 0.079070 0.066667
4 0.820930 0.833333 0.079070 0.081481
4 0.887209 0.840741 0.053488 0.074074
4 0.579070 0.907407 0.055814 0.074074
4 0.655814 0.916667 0.097674 0.085185
