0 0.181395 0.651852 0.223256 0.451852
1 0.651163 0.311111 0.260465 0.081481
2 0.587209 0.403704 0.197674 0.081481
2 0.736047 0.401852 0.104651 0.077778
2 0.850000 0.398148 0.113953 0.077778
3 0.727907 0.575926 0.204651 0.077778
4 0.359302 0.753704 0.044186 0.062963
4 0.439535 0.751852 0.106977 0.074074
4 0.539535 0.748148 0.097674 0.074074
4 0.618605 0.748148 0.055814 0.074074
4 0.674419 0.744444 0.060465 0.081481
4 0.753488 0.746296 0.097674 0.085185
4 0.834884 0.742593 0.065116 0.085185
4 0.908140 0.738889 0.086047 0.077778
4 0.359302 0.911111 0.039535 0.074074
4 0.434884 0.912963 0.111628 0.085185
4 0.539535 0.909259 0.093023 0.085185
4 0.617442 0.909259 0.058140 0.077778
4 0.675581 0.905556 0.062791 0.077778
4 0.752326 0.903704 0.095349 0.081481
4 0.833721 0.900000 0.062791 0.081481
4 0.911628 0.903704 0.093023 0.081481
