0 0.170930 0.662963 0.248837 0.511111
1 0.656977 0.292593 0.258140 0.088889
2 0.565116 0.388889 0.209302 0.103704
2 0.719767 0.398148 0.095349 0.085185
2 0.851163 0.398148 0.167442 0.092593
3 0.729070 0.585185 0.225581 0.081481
4 0.693023 0.677778 0.130233 0.081481
4 0.809302 0.675926 0.111628 0.092593
4 0.479070 0.768519 0.130233 0.092593
4 0.581395 0.766667 0.074419 0.088889
4 0.652326 0.768519 0.067442 0.085185
4 0.744186 0.764815 0.111628 0.092593
4 0.832558 0.762963 0.074419 0.081481
4 0.745349 0.850000 0.118605 0.085185
4 0.862791 0.851852 0.111628 0.088889
4 0.474419 0.937037 0.130233 0.096296
4 0.577907 0.938889 0.076744 0.092593
4 0.648837 0.935185 0.065116 0.092593
4 0.736047 0.940741 0.109302 0.088889
4 0.825581 0.938889 0.069767 0.085185
