0 0.172093 0.653704 0.232558 0.492593
2 0.531395 0.370370 0.081395 0.088889
2 0.625581 0.383333 0.093023 0.107407
2 0.724419 0.390741 0.067442 0.114815
2 0.839535 0.381481 0.125581 0.103704
3 0.769767 0.570370 0.283721 0.103704
4 0.695349 0.657407 0.134884 0.092593
4 0.810465 0.651852 0.072093 0.074074
4 0.706977 0.825926 0.153488 0.088889
4 0.902326 0.833333 0.195349 0.096296
4 0.369767 0.925926 0.116279 0.096296
4 0.508140 0.922222 0.146512 0.111111
4 0.643023 0.920370 0.058140 0.092593
4 0.594186 0.940741 0.030233 0.044444
4 0.769767 0.924074 0.148837 0.107407
4 0.920930 0.924074 0.144186 0.092593
