0 0.167442 0.655556 0.237209 0.496296
1 0.633721 0.292593 0.262791 0.081481
2 0.548837 0.387037 0.204651 0.107407
2 0.708140 0.387037 0.113953 0.100000
2 0.840698 0.387037 0.151163 0.100000
3 0.704651 0.574074 0.204651 0.088889
4 0.686047 0.662963 0.069767 0.081481
4 0.765116 0.662963 0.093023 0.081481
4 0.472093 0.759259 0.130233 0.081481
4 0.597674 0.761111 0.130233 0.085185
4 0.698837 0.755556 0.076744 0.081481
4 0.787209 0.751852 0.100000 0.074074
4 0.748837 0.840741 0.106977 0.081481
4 0.845349 0.833333 0.086047 0.074074
4 0.358140 0.933333 0.065116 0.074074
4 0.438372 0.931481 0.100000 0.077778
4 0.552326 0.929630 0.123256 0.081481
4 0.677907 0.927778 0.127907 0.070370
4 0.779070 0.918519 0.074419 0.081481
4 0.873256 0.912963 0.109302 0.077778
