0 0.165116 0.661111 0.227907 0.485185
1 0.687209 0.292593 0.272093 0.081481
2 0.584884 0.394444 0.137209 0.085185
2 0.712791 0.388889 0.113953 0.088889
2 0.866279 0.387037 0.183721 0.100000
3 0.758140 0.583333 0.204651 0.070370
4 0.686047 0.672222 0.046512 0.070370
4 0.756977 0.668519 0.086047 0.077778
4 0.856977 0.664815 0.104651 0.077778
4 0.444186 0.762963 0.051163 0.081481
4 0.503488 0.762963 0.062791 0.074074
4 0.586047 0.764815 0.102326 0.077778
4 0.661628 0.759259 0.044186 0.074074
4 0.730233 0.759259 0.093023 0.074074
4 0.853488 0.768519 0.153488 0.077778
4 0.743023 0.842593 0.058140 0.070370
4 0.813953 0.848148 0.088372 0.066667
4 0.910465 0.848148 0.109302 0.074074
4 0.439535 0.933333 0.055814 0.074074
4 0.498837 0.933333 0.062791 0.066667
4 0.579070 0.935185 0.102326 0.070370
4 0.655814 0.931481 0.046512 0.070370
4 0.727907 0.933333 0.088372 0.074074
4 0.850000 0.937037 0.160465 0.081481
