0 0.169767 0.662963 0.232558 0.474074
1 0.647674 0.301852 0.253488 0.070370
2 0.550000 0.403704 0.127907 0.074074
2 0.667442 0.394444 0.097674 0.092593
2 0.818605 0.398148 0.186047 0.092593
3 0.712791 0.575926 0.206977 0.077778
4 0.688372 0.666667 0.065116 0.074074
4 0.758140 0.670370 0.074419 0.074074
4 0.850000 0.666667 0.118605 0.081481
4 0.622093 0.662963 0.062791 0.074074
4 0.713953 0.840741 0.116279 0.081481
4 0.851163 0.840741 0.158140 0.081481
4 0.293023 0.929630 0.088372 0.066667
4 0.391860 0.931481 0.109302 0.077778
4 0.486047 0.925926 0.069767 0.074074
4 0.554651 0.920370 0.058140 0.070370
4 0.629070 0.925926 0.086047 0.088889
4 0.708140 0.922222 0.067442 0.074074
4 0.775581 0.916667 0.062791 0.070370
4 0.848837 0.920370 0.074419 0.070370
4 0.939535 0.922222 0.106977 0.074074
