0 0.189535 0.646296 0.220930 0.455556
1 0.675581 0.311111 0.346512 0.103704
2 0.534884 0.405556 0.065116 0.100000
2 0.630233 0.422222 0.097674 0.111111
2 0.780233 0.418519 0.183721 0.081481
3 0.719767 0.581481 0.295349 0.096296
4 0.653488 0.672222 0.097674 0.092593
4 0.751163 0.668519 0.069767 0.092593
4 0.682558 0.835185 0.146512 0.092593
4 0.817442 0.831481 0.109302 0.085185
4 0.915116 0.822222 0.072093 0.088889
4 0.393023 0.911111 0.088372 0.088889
4 0.572093 0.918519 0.148837 0.096296
4 0.710465 0.916667 0.104651 0.092593
4 0.836047 0.914815 0.127907 0.096296
4 0.950000 0.907407 0.090698 0.088889
4 0.468605 0.911111 0.048837 0.081481
