0 0.169767 0.648148 0.237209 0.518519
1 0.650000 0.294444 0.258140 0.092593
2 0.568605 0.387037 0.202326 0.092593
2 0.725581 0.388889 0.111628 0.088889
2 0.853488 0.394444 0.144186 0.100000
3 0.724419 0.577778 0.211628 0.081481
4 0.668605 0.662963 0.062791 0.074074
4 0.740698 0.664815 0.076744 0.092593
4 0.819767 0.668519 0.076744 0.092593
4 0.433721 0.764815 0.127907 0.077778
4 0.540698 0.762963 0.076744 0.081481
4 0.636047 0.761111 0.109302 0.085185
4 0.755814 0.761111 0.125581 0.077778
4 0.862791 0.761111 0.093023 0.070370
4 0.725581 0.844444 0.065116 0.081481
4 0.795349 0.848148 0.079070 0.081481
4 0.874419 0.851852 0.074419 0.088889
4 0.434884 0.946296 0.130233 0.092593
4 0.540698 0.940741 0.072093 0.081481
4 0.633721 0.937037 0.113953 0.088889
