0 0.176744 0.648148 0.237209 0.466667
1 0.634884 0.298148 0.265116 0.077778
2 0.520930 0.396296 0.153488 0.081481
2 0.686047 0.392593 0.181395 0.088889
2 0.847674 0.401852 0.146512 0.085185
3 0.708140 0.577778 0.211628 0.081481
4 0.674419 0.662963 0.093023 0.074074
4 0.776744 0.670370 0.120930 0.074074
4 0.663953 0.750000 0.100000 0.085185
4 0.786047 0.762963 0.144186 0.081481
4 0.680233 0.838889 0.062791 0.085185
4 0.776744 0.837037 0.130233 0.081481
4 0.882558 0.838889 0.086047 0.070370
4 0.186047 0.914815 0.069767 0.074074
4 0.260465 0.916667 0.074419 0.070370
4 0.358140 0.916667 0.120930 0.077778
4 0.482558 0.916667 0.132558 0.085185
4 0.594186 0.920370 0.076744 0.077778
4 0.686047 0.922222 0.106977 0.074074
4 0.791860 0.924074 0.090698 0.085185
4 0.901163 0.925926 0.137209 0.096296
