0 0.173256 0.659259 0.230233 0.474074
1 0.666279 0.303704 0.355814 0.096296
2 0.480233 0.411111 0.067442 0.081481
2 0.575581 0.405556 0.095349 0.092593
2 0.719767 0.411111 0.151163 0.088889
3 0.647674 0.575926 0.137209 0.092593
4 0.589535 0.672222 0.062791 0.085185
4 0.693023 0.664815 0.116279 0.085185
4 0.448837 0.748148 0.130233 0.088889
4 0.600000 0.753704 0.130233 0.092593
4 0.715116 0.753704 0.086047 0.085185
4 0.850000 0.750000 0.146512 0.092593
4 0.648837 0.835185 0.069767 0.077778
4 0.719767 0.842593 0.062791 0.085185
4 0.310465 0.922222 0.072093 0.096296
4 0.411628 0.924074 0.106977 0.092593
4 0.530233 0.924074 0.125581 0.092593
4 0.681395 0.931481 0.134884 0.085185
4 0.848837 0.929630 0.204651 0.081481
