0 0.162791 0.664815 0.227907 0.492593
1 0.659302 0.288889 0.267442 0.088889
2 0.523256 0.388889 0.162791 0.096296
2 0.712791 0.390741 0.211628 0.100000
2 0.880233 0.390741 0.127907 0.100000
3 0.725581 0.568519 0.218605 0.085185
4 0.651163 0.666667 0.106977 0.088889
4 0.767442 0.672222 0.125581 0.100000
4 0.870930 0.662963 0.081395 0.081481
4 0.583721 0.753704 0.069767 0.085185
4 0.673256 0.759259 0.109302 0.088889
4 0.697674 0.842593 0.102326 0.077778
4 0.776744 0.850000 0.055814 0.077778
4 0.846512 0.842593 0.079070 0.092593
4 0.925581 0.840741 0.079070 0.081481
4 0.530233 0.931481 0.130233 0.085185
4 0.658140 0.929630 0.125581 0.081481
4 0.773256 0.931481 0.104651 0.085185
4 0.869767 0.922222 0.079070 0.081481
4 0.946512 0.922222 0.074419 0.066667
