1 0.644186 0.303704 0.269767 0.081481
0 0.177907 0.664815 0.248837 0.507407
2 0.550000 0.403704 0.151163 0.096296
2 0.709302 0.398148 0.172093 0.092593
2 0.852326 0.396296 0.113953 0.088889
3 0.711628 0.575926 0.213953 0.085185
4 0.715116 0.666667 0.090698 0.074074
4 0.795349 0.666667 0.079070 0.081481
4 0.558140 0.753704 0.055814 0.077778
4 0.620930 0.755556 0.083721 0.081481
4 0.706977 0.757407 0.093023 0.085185
4 0.793023 0.757407 0.083721 0.085185
4 0.881395 0.757407 0.097674 0.077778
4 0.732558 0.840741 0.106977 0.081481
4 0.856977 0.840741 0.137209 0.081481
4 0.484884 0.927778 0.100000 0.085185
4 0.565116 0.925926 0.069767 0.081481
4 0.623256 0.920370 0.041860 0.077778
4 0.683721 0.920370 0.079070 0.077778
4 0.769767 0.920370 0.093023 0.085185
4 0.855814 0.914815 0.074419 0.081481
4 0.933721 0.916667 0.081395 0.092593
