0 0.181395 0.653704 0.227907 0.470370
1 0.651163 0.303704 0.251163 0.081481
2 0.588372 0.403704 0.195349 0.096296
2 0.739535 0.407407 0.097674 0.088889
2 0.850000 0.396296 0.113953 0.103704
3 0.727907 0.579630 0.204651 0.077778
4 0.360465 0.755556 0.041860 0.066667
4 0.438372 0.751852 0.113953 0.081481
4 0.540698 0.750000 0.090698 0.092593
4 0.617442 0.748148 0.053488 0.081481
4 0.673256 0.751852 0.053488 0.088889
4 0.751163 0.751852 0.088372 0.096296
4 0.834884 0.748148 0.055814 0.088889
4 0.909302 0.744444 0.088372 0.096296
4 0.355814 0.912963 0.041860 0.070370
4 0.436047 0.918519 0.109302 0.081481
4 0.536047 0.914815 0.090698 0.088889
4 0.618605 0.909259 0.055814 0.085185
4 0.676744 0.911111 0.055814 0.081481
4 0.753488 0.905556 0.093023 0.077778
4 0.829070 0.903704 0.058140 0.081481
4 0.910465 0.905556 0.095349 0.092593
