1 0.640698 0.292593 0.272093 0.081481
0 0.172093 0.650000 0.241860 0.477778
2 0.568605 0.409259 0.104651 0.100000
2 0.700000 0.401852 0.158140 0.092593
2 0.855814 0.400000 0.153488 0.088889
3 0.708140 0.574074 0.183721 0.081481
4 0.589535 0.662963 0.053488 0.066667
4 0.633721 0.674074 0.034884 0.066667
4 0.667442 0.670370 0.027907 0.066667
4 0.739535 0.670370 0.111628 0.081481
4 0.832558 0.668519 0.074419 0.085185
4 0.596512 0.753704 0.095349 0.077778
4 0.679070 0.753704 0.065116 0.070370
4 0.741860 0.755556 0.069767 0.074074
4 0.813953 0.755556 0.074419 0.074074
4 0.698837 0.840741 0.067442 0.066667
4 0.783721 0.844444 0.106977 0.066667
4 0.875581 0.844444 0.086047 0.081481
4 0.603488 0.925926 0.095349 0.074074
4 0.680233 0.922222 0.062791 0.074074
4 0.746512 0.922222 0.065116 0.081481
4 0.818605 0.922222 0.074419 0.081481
