0 0.174419 0.664815 0.246512 0.500000
1 0.632558 0.305556 0.255814 0.092593
2 0.518605 0.407407 0.069767 0.096296
2 0.651163 0.409259 0.190698 0.092593
2 0.806977 0.407407 0.120930 0.088889
3 0.704651 0.594444 0.209302 0.077778
4 0.641860 0.683333 0.046512 0.070370
4 0.715116 0.683333 0.090698 0.077778
4 0.801163 0.679630 0.081395 0.077778
4 0.459302 0.772222 0.072093 0.070370
4 0.533721 0.774074 0.081395 0.074074
4 0.612791 0.772222 0.076744 0.077778
4 0.689535 0.774074 0.081395 0.081481
4 0.770930 0.774074 0.081395 0.081481
4 0.698837 0.862963 0.053488 0.066667
4 0.770930 0.859259 0.086047 0.074074
4 0.854651 0.862963 0.076744 0.074074
4 0.451163 0.940741 0.069767 0.074074
4 0.531395 0.948148 0.081395 0.074074
4 0.611628 0.942593 0.074419 0.077778
4 0.687209 0.944444 0.076744 0.081481
4 0.769767 0.948148 0.088372 0.088889
