0 0.170930 0.670370 0.239535 0.488889
1 0.634884 0.292593 0.269767 0.081481
2 0.470930 0.403704 0.062791 0.096296
2 0.556977 0.403704 0.113953 0.103704
2 0.668605 0.398148 0.109302 0.107407
2 0.813953 0.396296 0.176744 0.103704
3 0.705814 0.577778 0.211628 0.103704
4 0.394186 0.757407 0.053488 0.070370
4 0.458140 0.753704 0.074419 0.085185
4 0.562791 0.759259 0.130233 0.088889
4 0.653488 0.750000 0.041860 0.077778
4 0.727907 0.751852 0.106977 0.074074
4 0.826744 0.748148 0.095349 0.088889
4 0.691860 0.840741 0.048837 0.081481
4 0.768605 0.835185 0.109302 0.077778
4 0.863953 0.838889 0.076744 0.085185
4 0.383721 0.925926 0.051163 0.074074
4 0.468605 0.925926 0.109302 0.088889
4 0.556977 0.925926 0.072093 0.081481
4 0.611628 0.918519 0.051163 0.081481
4 0.681395 0.924074 0.093023 0.085185
4 0.805814 0.925926 0.151163 0.088889
