0 0.168605 0.650000 0.225581 0.477778
1 0.653488 0.300000 0.218605 0.081481
2 0.558140 0.401852 0.120930 0.085185
2 0.680233 0.401852 0.118605 0.085185
3 0.631395 0.570370 0.211628 0.081481
4 0.560465 0.666667 0.065116 0.074074
4 0.637209 0.664815 0.079070 0.085185
4 0.730233 0.666667 0.093023 0.088889
4 0.840698 0.670370 0.118605 0.096296
4 0.462791 0.757407 0.111628 0.085185
4 0.563953 0.757407 0.090698 0.085185
4 0.653488 0.750000 0.083721 0.085185
4 0.734884 0.746296 0.083721 0.085185
4 0.752326 0.831481 0.113953 0.092593
4 0.848837 0.827778 0.088372 0.077778
4 0.315116 0.918519 0.086047 0.081481
4 0.406977 0.918519 0.097674 0.096296
4 0.518605 0.918519 0.125581 0.088889
4 0.626744 0.912963 0.081395 0.085185
4 0.710465 0.914815 0.081395 0.081481
4 0.780233 0.918519 0.053488 0.081481
4 0.844186 0.912963 0.079070 0.092593
4 0.924419 0.909259 0.086047 0.085185
