0 0.168605 0.664815 0.239535 0.500000
1 0.648837 0.296296 0.255814 0.081481
2 0.403488 0.485185 0.206977 0.096296
2 0.551163 0.487037 0.088372 0.100000
2 0.691860 0.483333 0.183721 0.092593
2 0.877907 0.481481 0.183721 0.096296
3 0.723256 0.585185 0.218605 0.081481
4 0.408140 0.761111 0.109302 0.085185
4 0.500000 0.762963 0.079070 0.081481
4 0.591860 0.762963 0.100000 0.081481
4 0.697674 0.761111 0.111628 0.085185
4 0.784884 0.757407 0.062791 0.085185
4 0.866279 0.762963 0.100000 0.088889
4 0.402326 0.927778 0.111628 0.077778
4 0.497674 0.933333 0.079070 0.081481
4 0.588372 0.927778 0.102326 0.085185
4 0.689535 0.931481 0.109302 0.085185
4 0.781395 0.927778 0.065116 0.077778
4 0.860465 0.925926 0.093023 0.074074
