0 0.161628 0.662963 0.225581 0.474074
1 0.645349 0.320370 0.290698 0.100000
2 0.539535 0.422222 0.190698 0.088889
2 0.694186 0.418519 0.118605 0.096296
2 0.851163 0.425926 0.195349 0.103704
3 0.715116 0.607407 0.220930 0.088889
4 0.576744 0.792593 0.097674 0.074074
4 0.679070 0.794444 0.097674 0.085185
4 0.656977 0.877778 0.058140 0.074074
4 0.725581 0.879630 0.074419 0.077778
4 0.809302 0.877778 0.088372 0.088889
4 0.487209 0.959259 0.113953 0.081481
4 0.584884 0.959259 0.081395 0.081481
4 0.672093 0.961111 0.083721 0.077778
4 0.765116 0.964815 0.093023 0.070370
