0 0.169767 0.657407 0.223256 0.485185
1 0.638372 0.288889 0.267442 0.088889
2 0.534884 0.388889 0.204651 0.103704
2 0.718605 0.388889 0.153488 0.088889
2 0.866279 0.390741 0.141860 0.085185
3 0.713953 0.581481 0.209302 0.074074
4 0.705814 0.668519 0.100000 0.085185
4 0.790698 0.674074 0.069767 0.088889
4 0.397674 0.761111 0.097674 0.085185
4 0.509302 0.759259 0.125581 0.088889
4 0.627907 0.761111 0.106977 0.085185
4 0.731395 0.761111 0.090698 0.085185
4 0.843023 0.762963 0.123256 0.088889
4 0.760465 0.850000 0.102326 0.070370
4 0.845349 0.851852 0.067442 0.088889
4 0.395349 0.933333 0.102326 0.081481
4 0.506977 0.933333 0.125581 0.081481
4 0.624419 0.933333 0.104651 0.088889
4 0.725581 0.931481 0.093023 0.085185
4 0.837209 0.931481 0.125581 0.085185
