0 0.172093 0.666667 0.241860 0.511111
1 0.670930 0.298148 0.267442 0.092593
2 0.581395 0.401852 0.172093 0.092593
2 0.726744 0.403704 0.118605 0.088889
2 0.859302 0.401852 0.146512 0.092593
3 0.732558 0.590741 0.209302 0.070370
4 0.702326 0.679630 0.069767 0.085185
4 0.800000 0.679630 0.130233 0.085185
4 0.494186 0.766667 0.086047 0.074074
4 0.600000 0.772222 0.130233 0.092593
4 0.708140 0.770370 0.081395 0.088889
4 0.800000 0.770370 0.097674 0.088889
4 0.753488 0.857407 0.074419 0.100000
4 0.858140 0.859259 0.130233 0.088889
4 0.489535 0.942593 0.076744 0.085185
4 0.595349 0.942593 0.130233 0.092593
4 0.706977 0.940741 0.083721 0.088889
4 0.804651 0.942593 0.106977 0.070370
