0 0.182558 0.661111 0.220930 0.455556
1 0.645349 0.296296 0.253488 0.081481
2 0.498837 0.403704 0.072093 0.088889
2 0.587209 0.403704 0.104651 0.096296
2 0.695349 0.405556 0.102326 0.092593
2 0.825581 0.403704 0.167442 0.096296
3 0.693023 0.583333 0.195349 0.077778
4 0.660465 0.662963 0.102326 0.081481
4 0.752326 0.662963 0.081395 0.088889
4 0.591860 0.751852 0.109302 0.074074
4 0.687209 0.751852 0.086047 0.081481
3 0.760465 0.746296 0.055814 0.077778
3 0.820930 0.742593 0.074419 0.077778
3 0.650000 0.840741 0.048837 0.074074
3 0.724419 0.842593 0.095349 0.077778
3 0.813953 0.838889 0.079070 0.077778
3 0.898837 0.833333 0.100000 0.081481
3 0.488372 0.922222 0.079070 0.081481
3 0.575581 0.918519 0.100000 0.081481
3 0.676744 0.920370 0.097674 0.085185
3 0.773256 0.914815 0.095349 0.074074
3 0.850000 0.912963 0.058140 0.077778
3 0.911628 0.918519 0.069767 0.081481
