0 0.169767 0.659259 0.227907 0.488889
1 0.640698 0.281481 0.272093 0.088889
2 0.480233 0.379630 0.076744 0.085185
2 0.561628 0.381481 0.090698 0.096296
2 0.679070 0.383333 0.144186 0.085185
2 0.844186 0.379630 0.190698 0.092593
3 0.717442 0.566667 0.206977 0.088889
4 0.695349 0.662963 0.134884 0.088889
4 0.819767 0.664815 0.113953 0.092593
4 0.712791 0.837037 0.067442 0.103704
4 0.790698 0.833333 0.088372 0.088889
4 0.879070 0.838889 0.097674 0.085185
4 0.481395 0.927778 0.079070 0.085185
4 0.567442 0.924074 0.093023 0.077778
4 0.666279 0.924074 0.109302 0.070370
4 0.760465 0.925926 0.088372 0.081481
4 0.856977 0.924074 0.113953 0.092593
4 0.953488 0.925926 0.079070 0.081481
