0 0.163953 0.666667 0.239535 0.503704
1 0.661628 0.294444 0.290698 0.085185
2 0.545349 0.394444 0.155814 0.092593
2 0.700000 0.394444 0.148837 0.085185
2 0.860465 0.394444 0.176744 0.092593
3 0.739535 0.575926 0.213953 0.085185
4 0.716279 0.666667 0.125581 0.088889
4 0.829070 0.664815 0.104651 0.085185
4 0.470930 0.762963 0.062791 0.081481
4 0.563953 0.764815 0.127907 0.085185
4 0.700000 0.762963 0.130233 0.088889
4 0.817442 0.762963 0.109302 0.081481
4 0.772093 0.848148 0.116279 0.088889
4 0.884884 0.840741 0.104651 0.081481
4 0.463953 0.931481 0.067442 0.077778
4 0.561628 0.935185 0.127907 0.092593
4 0.694186 0.929630 0.132558 0.096296
4 0.815116 0.933333 0.109302 0.088889
